frequencies,EXPE_t,EXPE_rh,EXPE_p,SONIC_t,SONIC_wind3d,SONIC_wind2d
0.00018511662347278786,10302.928698713931,6464.611335752093,16.65004098402704,1729.6350290433263,55.95789588387067,56.27952654128415
0.00037023324694557573,27127.73047941468,13752.621375058505,122.79898813535854,8001.306912750085,170.11362913428417,157.56511052370195
0.0005553498704183636,3740.05328414142,1284.8196290578783,10.68447388753936,1422.429971927398,28.645970390279164,25.354044570420516
0.0007404664938911515,6512.690988550177,3076.697014519397,23.046643093008086,3020.194204551901,30.137373916974898,34.151558322561044
0.0009255831173639393,1142.623656078598,1352.9502911682546,12.463728505524289,1179.0341339505362,20.843426876801573,23.808403781607105
0.0011106997408367272,1401.1885911761842,1056.5265002736912,18.117602694930856,3005.4718502650853,58.289492589455655,75.12260917985108
0.001295816364309515,4741.427883810766,3254.1702298458854,21.889169169151245,779.6934237444376,2.8966526580700203,4.374685285438804
0.001480932987782303,422.2160775759065,464.2918493154982,11.566965919449895,320.8367309950798,39.33433142547817,30.504047939934896
0.0016660496112550908,795.572791278575,270.28493751170663,5.174216568043971,293.5637927698498,31.629495659732502,25.399446650030164
0.0018511662347278786,2454.5707910491574,1457.7117297758384,6.263275376980191,1393.1947950863,4.349115732707336,1.5471522543701446
0.0020362828582006663,3676.7821403725234,473.91557084931117,18.079858008315316,5136.780868995702,35.18343217895623,27.689518256138214
0.0022213994816734544,2267.9429325108454,610.2830887640368,0.6384632363876278,2865.911341953781,145.03046705558913,168.11827380381578
0.0024065161051462424,1221.1576614825285,21.155354147364328,0.9356490182001402,5475.608114035957,153.70339107008303,139.03057921628655
0.00259163272861903,1049.4856654809691,1449.5505081723782,3.740209351606514,38.942116649353956,154.0836567679208,133.07525017848
0.0027767493520918177,233.2928372890208,745.7616297881584,0.474704588709924,2414.261320196437,117.4641115789293,126.04534978711956
0.002961865975564606,627.6131410456203,1220.063513298568,1.7886477249405692,756.7101030478948,34.09966459720411,43.30097180498505
0.003146982599037394,670.7588698719769,172.2886963527855,6.347345188832675,1889.1261276308435,192.08264571203313,172.32934702135543
0.0033320992225101815,739.7971579717337,123.94800481031082,1.0829971953380748,1218.713551352893,114.60387909145668,100.83789076170955
0.003517215845982969,117.82421342934623,135.90469168822216,1.051427440108111,427.1636357924501,23.577039430680834,22.2353562690641
0.0037023324694557573,846.5615763324482,364.71996178660066,0.9169250420211496,4378.752567868124,238.5703249042811,239.8991954185587
0.0038874490929285454,649.8642221073352,402.0066299164936,1.949816727763075,392.52916734319996,92.81140435261973,77.26213043792106
0.004072565716401333,2148.0054508541584,227.4617253345473,1.6360426067351024,6555.096688194093,280.72582109492106,258.8352065628835
0.004257682339874121,189.31983049243567,94.41433787829355,0.7436778738897218,507.8101515637397,24.08891452202567,13.739691956371068
0.004442798963346909,962.4372424810408,270.8969409396937,1.0787457093542459,5238.207687052428,161.49812228363436,203.44667014347448
0.004627915586819697,606.858182550269,49.07137971164215,1.2479418810521332,3612.29679172403,110.28423417238803,145.4156151179697
0.004813032210292485,628.0095475115332,383.43544860073393,0.2792390444280463,1110.4234739927024,134.66860558908385,113.85258672383002
0.004998148833765272,122.18988097340885,88.25566295720739,1.6832530808058268,904.580297082368,352.8037217957932,399.72920658586526
0.00518326545723806,113.29320740444386,135.70228038966638,0.03373368581153966,580.8116644630389,80.46982373096479,78.13557851135735
0.005368382080710848,255.97966457343605,198.190687449454,0.5938173327075423,515.4610654928481,57.89750735755235,59.03077102493212
0.0055534987041836355,1615.0566360244072,775.3594275750644,2.5963561418116736,7780.694491763418,333.7026677478389,278.2982256152353
0.0057386153276564236,1531.6547668351077,123.94457255454546,1.0561417048255564,7660.2675661814865,148.45565167893795,169.2143528776965
0.005923731951129212,152.62821784176256,674.7641601740609,0.1987734492102349,93.17951613465665,76.97795285177969,80.65597593691702
0.006108848574602,2077.6460909169114,366.1187559629578,0.8455740578679644,9471.37995611506,160.35986048119275,161.8084263701177
0.006293965198074788,189.29167388980318,154.5750393302753,1.6144169618646687,90.1301716350845,220.8518880056189,217.1991887277906
0.006479081821547575,187.1852710067079,110.15920944212797,0.4467046205382302,141.6157564551995,103.61553800647891,95.03017153726447
0.006664198445020363,143.0335238062053,75.2039053892529,2.817834590112569,166.3229619056738,19.987936979849433,28.624014508010656
0.006849315068493151,206.33840458098652,198.24817556076889,0.6884072140502105,922.2442139552172,283.00472133303396,287.8247261337815
0.007034431691965938,752.4278937516098,256.9018550291912,1.874568540728471,2327.6512741236997,152.36162409589522,155.28522896254796
0.0072195483154387265,362.95880836433224,164.90639913125023,1.0758086046803375,39.25315508805214,296.7411249160557,231.819272347138
0.0074046649389115145,332.5801162083152,54.44788847233059,0.1980582200965518,6121.54159737386,5.2214125584947135,24.367115527285833
0.007589781562384303,116.42013576148776,97.5891601801717,1.3116342677675388,717.5790598267499,63.95114411490429,74.62226260656855
0.007774898185857091,1501.3302968682958,170.0896085933056,2.1084049078477847,8613.691253225468,255.65739012303794,293.1396709045597
0.007960014809329879,7.823770818394407,131.24777439205243,0.4816654039081151,312.48795296940744,84.91297911618207,86.98794222859232
0.008145131432802665,226.99479877822876,58.442835167798336,2.1107780217357264,2226.4046208458412,323.7923407855817,230.78841088471626
0.008330248056275453,151.51217521869143,75.78163932659709,0.296482281565813,1644.4860300897035,0.964273663629905,0.15260863914300182
0.008515364679748241,149.28542839539332,86.30929260067596,0.24780301440234928,2163.2352565796627,285.4389740773637,267.9206703570179
0.00870048130322103,70.24605998533953,148.33143998293065,0.33654712986393803,233.16145665276952,25.680707615132114,47.07699147105431
0.008885597926693817,86.68002153793168,56.277604988613334,0.6601061359990149,2851.4457822319846,458.26382311106113,372.0523679591175
0.009070714550166606,435.25215713880925,149.99251225997168,1.1499161958191395,284.7319262704335,635.9995453956108,610.2492452972493
0.009255831173639394,71.94964442919881,10.56281908209423,0.5505121854649996,1159.4665813501344,64.8514841951443,77.64556578704399
0.009440947797112182,16.957239881112873,51.14546592159752,0.7547471495071747,2410.514324177223,68.47356027685544,85.59019174413457
0.00962606442058497,294.8701616329183,120.20200614056225,1.0997556086403364,8226.950064263217,136.05023993901656,229.91491742117694
0.009811181044057756,236.65688893815528,208.41312295413857,0.4807198277028262,2064.7705629627544,163.76181810637468,184.62392467518444
0.009996297667530544,513.4363067059678,207.4843465298409,0.1341400013310688,4203.879900470658,362.92872359466736,367.1074510285433
0.010181414291003332,256.13295379638123,153.71361584808463,0.537643437099013,2383.6672933757454,34.076012703333575,20.943896979672306
0.01036653091447612,1217.1988484148671,546.6590521843735,0.7530801564497861,20077.235825364733,249.94913817629651,228.91069451712337
0.010551647537948908,35.40896734069623,229.23970544178712,0.4548756667297556,4885.056387981034,77.5086933887702,106.38999383037797
0.010736764161421697,277.57818136772926,57.346922876157365,0.37915130847049916,2210.479671535256,54.0111699043743,62.72283854488331
0.010921880784894485,147.8281101800607,13.111186382808953,1.4044432523282326,964.7245020187715,106.2803428460596,100.98568296727628
0.011106997408367271,190.1270057240672,495.4781105233638,0.17206531763805533,1880.5217996949261,93.1555511066232,96.67737732110466
0.011292114031840059,270.75591002586714,110.6057395541355,0.25123212215985347,1555.7975617050204,25.883776668179724,38.92294395039333
0.011477230655312847,211.590931641217,175.70737322888158,0.46500184254083915,3454.3579811037785,632.4472456690612,631.8447250500806
0.011662347278785635,58.43422291933024,183.1114315071366,0.6011386089280883,1705.1430954250657,259.3217587732476,157.01444161695565
0.011847463902258423,218.63509645884395,1.5834897726382284,0.20027502802403527,3262.624157377947,352.9596470257468,249.76584807278698
0.012032580525731211,70.69727214108066,86.84490214621671,0.18591154007521382,5024.343591493173,160.1872499238212,197.9225241645371
0.012217697149204,191.77464414404426,74.94157555680405,0.4193582045183014,1316.854840345009,152.1103411429872,163.63797928151396
0.012402813772676788,65.9937209568896,34.40599210529576,1.813721448414408,3661.6365682266883,398.2246967255104,387.6947658999339
0.012587930396149576,220.91983651982994,120.56763801379579,0.8551633987243775,6641.761972764766,20.070380850940328,19.864953701583104
0.012773047019622362,217.29539350751642,159.83571121386046,0.1521480084496707,6441.6787408545415,46.557380537074096,98.07880175869597
0.01295816364309515,452.2708674877285,254.8149645986704,0.2916840167893118,10762.775530755189,383.4770137748634,377.3401254844024
0.013143280266567938,19.232853142958877,66.0556141432697,0.047605934627087176,201.304691802427,67.90155279451317,58.81765409201261
0.013328396890040726,4.936623770486484,5.755701206846239,0.13209073807872534,548.4002162678601,192.72232115862926,149.46359265420853
0.013513513513513514,227.1191157795049,58.75225856799311,0.33716104771219224,3524.6972726412373,441.4390529792857,295.6484610339838
0.013698630136986302,467.733718430002,155.34834728647226,3.1336036550469872,14622.538624611521,321.4275447777157,344.10023618736096
0.01388374676045909,210.42009384994228,54.29071326209691,0.2909014734432319,1478.3664226978542,169.42205391763687,109.15786648462202
0.014068863383931877,107.87464885017758,24.90950868661166,1.0033632655653262,72.37924361714094,118.61644809002236,144.13358928371548
0.014253980007404665,394.4108532430754,258.99944228697797,0.3049798573394221,6618.865859467356,459.2875032722119,417.8277923924582
0.014439096630877453,171.3525578491744,47.296025092877436,1.945833874049494,4948.683941942889,41.49253857935887,48.15619302168328
0.014624213254350241,249.30684221793186,34.325969967696345,1.9557592114747469,852.4284249980215,103.0274981280268,95.47309291817758
0.014809329877823029,329.16361429923046,283.0916746285643,1.970284866018402,2817.8483026825893,92.53571281501515,54.40388580342199
0.014994446501295817,32.51866673333281,54.547271397661206,0.3652143975998427,13740.49833454743,118.07268158054042,239.44598615006444
0.015179563124768605,489.1051735305213,325.8007842122162,0.5859078397909878,16422.04207553921,352.9749706739098,476.4743876526618
0.015364679748241393,26.678264050349703,2.062941653132109,0.2002834171256519,3494.033995396379,5.293875438341688,1.396734520050009
0.015549796371714181,0.9265790441843058,16.81926944558288,0.008458685233677014,9576.35931311096,150.83513721248994,94.12228655824109
0.015734912995186968,58.8448494867775,5.775017456992228,0.5283900243029953,4582.740753734051,243.9378346260359,318.6488743893056
0.015920029618659758,18.110548459905868,105.42501300480373,0.07719406094395838,3936.5047935926905,215.05290999082595,184.14189260445653
0.016105146242132544,28.875759081440066,322.872494772973,0.45929142299135184,675.1841513399805,447.12129648911645,387.1808869233917
0.01629026286560533,52.93459983340457,91.26893439724338,0.4453296255133474,5485.265942887452,3.065243761535036,33.53104865441447
0.01647537948907812,197.63042340886597,318.750869178164,1.141858857705476,4043.6250987453636,114.90712792008112,126.1608632606606
0.016660496112550906,36.224655961838614,5.987945002632726,0.10145622429242232,3877.5018054173242,56.78769350092612,57.002997734479145
0.016845612736023696,70.9591779724119,37.56002503624198,0.25507323040221874,192.79141848423475,77.84939305374458,97.41370240553921
0.017030729359496483,138.46779685551127,8.9246167977851,1.2175723488490187,12326.190344872142,50.396475515542456,34.668203653243026
0.017215845982969272,21.297465170484056,22.715764224760807,0.016433874752953995,9805.302267151215,21.14735897739602,2.6064434698978394
0.01740096260644206,9.256326280627375,12.166022060749606,0.8894527152621226,2793.050361102229,58.25949193827523,5.248463305971705
0.01758607922991485,25.37846298906188,80.49143731735069,0.24779256132214308,8476.285508915851,97.24885109004036,112.13404386007474
0.017771195853387635,108.2750233338516,182.55237217579432,1.626099275631561,2543.4299902266384,185.2065686778636,110.68471412614782
0.01795631247686042,130.94066851815958,145.6341173978173,0.2290509089166168,3137.833511777002,409.78969823205256,397.70835483621727
0.01814142910033321,171.61692331868866,46.04280016922689,0.20703116404802469,2408.752359421189,183.72994367853073,183.7443674203491
0.018326545723805997,16.890351374390903,52.85850123498218,0.2080183998231574,4518.638181645271,673.9238646086029,654.3218653343265
0.018511662347278787,1.5656721626229582,102.57839944101592,0.4383232992399834,497.7082514042045,281.87977675463094,242.7727013116982
0.018696778970751574,51.00359283553549,49.203682346680225,0.07975256152398973,1739.5303958719671,199.74680183553446,193.28373475082654
0.018881895594224363,60.37498434061588,60.89727591891595,0.08249740296664317,472.7553967733747,75.96643852058833,85.22731514755787
0.01906701221769715,0.5331789782771729,53.93392531575948,0.35542923247955766,2146.534375330825,189.0051179992003,221.97928466499027
0.01925212884116994,40.20820107574712,4.711844550435694,0.19833868234399885,2787.981143795562,142.7933221603056,191.7002209079986
0.019437245464642726,43.050407473127656,21.565090697945827,0.6613292783937617,1253.6355993183897,989.6720826156849,950.3745589883525
0.019622362088115512,12.502499905098885,62.765845169760105,0.707283734732178,1758.3995102151448,61.64735702912223,19.7821401908002
0.019807478711588302,18.33180748493145,80.98145273018282,0.211639261584263,652.0962577200768,279.8335357064449,271.111667727384
0.01999259533506109,0.6867938605491399,3.178012838333374,1.3372818078056488,2096.3254160447323,441.5037830300933,394.409186613681
0.020177711958533878,27.237128700742343,146.0373201707624,0.077612040015148,363.105677187478,48.21012466865489,76.50945426294776
0.020362828582006665,14.244321952070333,21.618742889957748,0.6631983973645786,955.9632716893875,153.5882203286913,199.11177671383044
0.020547945205479454,52.16975879280938,14.130850775066664,1.937145138449281,3458.022915693711,200.5735722820256,149.58999712583193
0.02073306182895224,10.399674109949624,79.0610431437475,0.5464371429104452,3879.9516666300237,669.7665311802801,692.7053244306027
0.020918178452425027,33.62489543067502,6.04961911955278,0.19154098020487073,1062.2468298261288,219.35029569065568,283.8784255181084
0.021103295075897817,14.992129219976237,61.23277082759572,1.4359859895815932,1665.0974403531648,338.1964980972503,325.3898634559021
0.021288411699370603,14.369139131457018,0.6593221722794416,0.6108081677017766,8758.68676340049,13.53405536638059,15.7132564095206
0.021473528322843393,1.5060332678416712,38.55362152934653,0.46899186981676977,3534.912956544267,304.59028945924734,298.0541552600552
0.02165864494631618,27.915400774476065,15.528538364663506,1.0630778326953052,4231.6387013832045,133.40734386290904,96.17648692191148
0.02184376156978897,1.3917267077644286,42.18179797954083,0.22678377325335075,4605.056318008671,713.0218077072993,663.4111934182952
0.022028878193261756,35.11235874139549,5.323312837353226,0.10645393240513613,14097.33524135698,147.20869837511574,149.85316905069192
0.022213994816734542,110.57345861628802,45.761115211606835,0.1114900189877436,1885.8157913839466,57.221223513069155,119.8658991511237
0.02239911144020733,38.401759677530244,66.19203626991217,0.159421166797289,7295.825353887776,295.5518590039652,202.41063541470479
0.022584228063680118,206.41491535160225,99.48989231246766,0.7815659660562813,2756.8697830380347,88.74371163731263,126.80810749675311
0.022769344687152908,0.6294036243652973,193.45889745258978,0.5867022096929165,2685.9394669933154,65.47045340122054,55.662529028567555
0.022954461310625694,83.55741141180941,11.484201902117615,1.317394642523942,1843.6122932582534,36.1869125741476,39.25124991004078
0.023139577934098484,41.590829672979325,2.913999432190819,0.05449539903133408,331.64069153420195,189.62255839018934,163.456369152331
0.02332469455757127,29.340225047902166,15.982503107068851,0.31177066094920725,99.2568674817701,86.71884016985081,54.70840312418793
0.02350981118104406,32.06664864274494,1.5230913674767448,2.573643557733386,1528.2023889748648,61.45824739010607,17.765227574945968
0.023694927804516847,40.97964014220276,87.91399858862607,0.21121582028402758,19.817588521252556,183.08892923168395,190.88944152051354
0.023880044427989633,7.497264649192742,42.91094905707516,0.18440457476385924,1090.4396770370786,23.926262062261973,14.897492475269402
0.024065161051462423,3.6452018899126064,2.657695872857129,1.184171827275373,12958.369262731598,838.4872928997856,819.588297350393
0.02425027767493521,41.208138939527586,6.8116350460127775,0.871953176803912,3582.4405512624403,166.9919129316176,137.40303214657442
0.024435394298408,10.844347607471098,188.16963727621425,0.24592823678341533,1786.4215287353777,46.26015954184723,31.169941999423614
0.024620510921880785,97.62980182479987,37.1423856176271,0.1776083036108429,251.89012026764192,162.78630561503672,212.0928223118608
0.024805627545353575,21.41794022647438,182.6709180714855,0.25249382692985445,1641.5065476626633,158.56476258109123,137.44329611538708
0.02499074416882636,49.029503267815265,116.27371236927667,0.5334006274729125,1263.5672395057634,33.497410166817694,68.12841263741133
0.02517586079229915,15.326498424531191,5.257665595242773,0.2199684147345843,2635.6778745734437,118.08811189683765,227.22324256896803
0.025360977415771938,7.563931064503299,46.65762460835824,1.4369504327807847,8.183055629803356,16.80533579894414,13.620625749049568
0.025546094039244724,27.094395561811364,229.6046394454803,2.0439293945473858,752.402991309773,118.31265525777555,143.28451506590372
0.025731210662717514,12.372913730740905,88.73631339262758,0.3840729895364859,6478.844022819116,426.09670456902376,411.81814295203725
0.0259163272861903,30.391352699724695,13.226529964286248,0.3462550114370693,9634.498174773125,445.90337916570536,529.172429001687
0.02610144390966309,109.46291773589385,160.38745359851936,0.8394735694616358,13680.272739215776,267.1568791005471,257.0415682830441
0.026286560533135876,13.77537341693668,31.340087372128785,0.17875317927834816,4402.978425093321,1283.4044504142735,1159.8226465791788
0.026471677156608666,99.2167281715349,84.3763363344394,0.011146715564220243,2136.9935839232803,531.0352164341119,533.0020843979679
0.026656793780081452,112.85762315375212,33.544359551860836,0.4642474831911504,12967.971169161712,847.047751258308,1038.2511962369827
0.02684191040355424,29.82241144042905,31.587575448804664,0.34215315751530717,4860.894899754718,85.587550065578,70.77006498803986
0.02702702702702703,15.165480451746781,64.05863277371417,1.5471281792851108,1113.441018773982,760.8170984537154,662.3801567883639
0.027212143650499815,77.17161524082441,188.61438442862672,1.1360963961210093,428.37476364350226,2.954926677852957,25.119060616767015
0.027397260273972605,156.9500106851626,32.922113250669355,0.026769565190966554,3704.295912999398,258.0467399904151,217.0752076564272
0.02758237689744539,39.58420769621737,5.55839536755656,0.3720508356839654,10260.732051799489,60.878058226146585,136.7739792380021
0.02776749352091818,93.17063969443676,15.855473718742076,0.004067305657034061,3955.1073463864304,556.049096273847,373.32888875167686
0.027952610144390967,4.050288849426001,7.174623273016037,0.49772718519376274,3279.1364953796497,77.34394769917819,77.03207193619888
0.028137726767863754,43.86890244592557,19.4852612293756,0.017985623805085803,1488.1018921763941,204.1965782303652,279.7957020506991
0.028322843391336543,8.912078871663969,39.88680946280914,1.8103457313080726,2743.030805521509,43.05428639285597,59.3334576374677
0.02850796001480933,97.88775025404176,43.92955615219134,1.5823251110047192,5562.053602528904,583.0547908350209,674.1122525187004
0.02869307663828212,5.335956424799544,12.019502986902177,0.6297136119563301,872.4450402970941,357.95142389884865,249.68548888041627
0.028878193261754906,36.39969999954242,54.665549160448,0.6023535936323449,7957.737310795256,491.51196125124613,433.33762170692046
0.029063309885227696,27.458388411500533,65.45628401108353,0.1260246116523568,16879.560219731156,703.9176844263325,798.2107683474665
0.029248426508700482,22.99166150500528,16.132300848968335,0.3860125764289004,7631.295831850662,519.5277730220919,465.2979340512772
0.029433543132173272,15.809487619609204,108.65588248357906,0.5108136849874743,4267.710572921537,111.03578613526213,70.81046891689148
0.029618659755646058,31.19750415383353,16.854737178443713,1.4606509953177917,3205.9842887156005,382.89406652518164,479.4430825531921
0.029803776379118845,6.033461545539455,138.00653044991125,0.6391972208039731,5525.315961993017,29.466564618251354,39.72568838720076
0.029988893002591634,35.39222829213259,13.604398282219195,0.8937748363810234,3206.181106939585,224.70838097383617,270.8909074022195
0.03017400962606442,41.22790675060703,42.76299162601732,0.3388795420768948,1499.2685190576576,302.95171000269175,181.60671721578507
0.03035912624953721,19.090615695809824,83.68552339056718,0.2630688738271713,2623.7601257099054,4.790018467623888,35.53763578033866
0.030544242873009997,0.9149514104163071,5.849540492600628,0.26208085383597307,461.15765257879366,26.660107511253344,11.067399159355352
0.030729359496482787,45.33616479588209,150.32100438634686,0.9376199970286551,919.1164078831292,123.5596190119468,75.52726018298385
0.030914476119955573,15.924887136995226,16.940512654983486,0.6873578430366541,5825.722485722699,152.85441144862054,136.16618456222204
0.031099592743428363,1.715106928085561,7.966390084286842,2.133668460085482,96.81763175154514,83.31907483062501,119.94420597932809
0.03128470936690115,45.434938430658875,7.309893762689745,0.8037851313667558,2386.3595452216337,33.491980255296575,13.76871670499382
0.031469825990373936,55.89953840291657,14.246398850714982,0.535793403403668,22017.840980764213,611.4843757850368,646.9047537837374
0.03165494261384672,58.906785147573096,56.38944347338272,1.0793017975200172,358.13568280741566,113.20029237940085,104.5593244414301
0.031840059237319515,50.83145804478109,27.305098867138238,0.4314460659393937,4402.699995439501,21.823991914257803,8.530719050879746
0.0320251758607923,27.027490236814852,1.3289948971509957,0.3096299368981298,1006.1437424370903,87.17282770633716,43.0158676242103
0.03221029248426509,1.5568355091110557,90.0199422764484,0.7901930024684325,2889.5925014652485,180.79922775902006,77.55159362365008
0.032395409107737874,1.414662168729234,27.73623995680705,0.7383075212823117,2904.641524384655,145.93255376087163,253.81796379705472
0.03258052573121066,25.36020364158636,37.616129983563106,0.33200228543714944,2164.022788074001,7.286385123713345,12.25649419037039
0.032765642354683454,37.19071425442501,19.895024968161042,0.42338195008852214,13766.965104824387,307.5749855000984,276.7243562971903
0.03295075897815624,15.20667587310742,15.208225280946207,0.023202153666527336,3891.670504985173,5.331820043984754,12.184071471773732
0.033135875601629027,13.29041781154196,14.277959995646183,0.2797014153756064,1853.7968334500422,753.8505603092165,469.0663041466197
0.03332099222510181,29.5301018795505,130.41134743600642,0.16110806740313016,2565.4624527927945,183.69662669820286,200.1971254984657
0.033506108848574606,26.873551878197873,6.622514681206652,1.8298954454045162,10555.80722872345,11.112768692501149,16.37182013523677
0.03369122547204739,25.222124623043293,1.3341063828451665,2.330552377666847,5437.288104925823,22.81225568184074,43.65547686802686
0.03387634209552018,40.31175882338472,26.186845450575262,1.258939484741085,13714.85172488699,11.207599378344716,4.317900831889532
0.034061458718992965,5.343564274946334,36.923199424741696,0.5836013764394041,22275.654891829254,12.849643863448854,29.26493192737381
0.03424657534246575,59.61793603405248,12.207948205644385,0.6289049817760755,3123.715368655784,275.70321943906305,323.032240356726
0.034431691965938545,0.7297784523348477,8.537762961175426,0.9738011232101507,2726.7536997935085,171.40929126476772,142.79941465339266
0.03461680858941133,15.0725288657742,5.572144316550524,0.6283013439498267,1336.4950746476027,138.75714474222136,122.29108722461218
0.03480192521288412,27.440928615618844,16.08821212570413,0.39165638001105396,13815.051464829643,788.1881150435975,861.4571516192752
0.034987041836356904,23.96770135002559,16.002700894778922,0.0870032002179839,9825.85030718878,42.15123476527463,27.75232818601421
0.0351721584598297,0.2651139425983436,103.3071302154353,0.4272693645689564,285.8326041244085,42.261970484361946,19.802032615520822
0.035357275083302483,20.03030888847571,4.931007337754822,2.0730734041066015,9388.88844170738,76.40106235107699,127.92252390680153
0.03554239170677527,56.74451747529984,153.59482234621623,0.3278477351619706,5976.664876718756,213.25494382245574,170.08658081949963
0.035727508330248056,2.949628227824643,21.86151550564155,1.318132239515771,3463.8603984494844,43.879380574720216,148.4814367646722
0.03591262495372084,1.452640285856132,2.5703376053313227,0.439385170790533,5380.149308773856,401.0757727385269,452.81463803163433
0.036097741577193636,57.22875844915813,9.735774716055516,0.45242726877189576,7207.546150530116,158.90108536997988,189.68255687706082
0.03628285820066642,20.637168176447513,46.357578659462035,0.5782042216631909,352.85722984924956,31.768825552734874,58.42460734508793
0.03646797482413921,19.154348140624666,39.906265499018936,0.25405209469476786,2643.8729918557415,402.60236159186815,312.09827051013895
0.036653091447611995,27.244398684435943,24.491037935494532,0.18142157826937924,2154.1531734841465,39.76360758646636,48.478701975503476
0.03683820807108479,52.521494977435204,46.57516620708387,1.0796111608785812,1427.9698716773223,101.53138886726417,37.60378844731777
0.037023324694557574,2.796090635812144,64.21083692797417,0.016441509561058762,5785.247828958572,312.81582485319825,176.89613440510226
0.03720844131803036,19.019715593070213,53.31026960847176,0.8441187453947173,447.19734246422394,150.40014652561874,162.84608680821253
0.03739355794150315,0.21761134109029776,84.29606708525229,0.20157944379260617,335.2837716811845,280.264519871976,409.01345285570886
0.037578674564975934,15.743531367011352,45.186410665772634,1.1867686862280287,50.10549847024102,100.2471071046585,146.55306959375864
0.03776379118844873,0.548430585078889,14.94925815616937,0.22778423333613265,3743.0475697360266,108.06346541403637,149.0750195729156
0.03794890781192151,1.9341305258391353,26.040112405388548,0.5675942404161667,7535.294015558533,142.01963478020122,250.50333516042747
0.0381340244353943,9.44750938228935,55.47458798552936,1.0686037150386105,1815.454542438862,168.07062625250296,90.72661035376846
0.038319141058867086,30.446974869180476,25.029566293989227,0.4624361036190232,4604.588848248348,9.356812818244771,5.7410776491481395
0.03850425768233988,66.68677510656873,5.365235207784333,0.16162982545505586,4830.303976769289,80.1168691925343,33.463337115220085
0.038689374305812665,13.410169972274396,24.605073456957427,0.7389802957447785,7476.258445307544,12.106948330626794,16.932804269426338
0.03887449092928545,5.114548913851402,60.81265285005691,0.04248033918780804,10124.712053772017,38.60098493713167,64.92524432250309
0.03905960755275824,33.83610526065425,33.815921156516644,0.4799257805589686,2428.1966265605615,332.55810180773176,202.55992854860804
0.039244724176231024,4.596476564471593,151.36770890874317,1.1398366714714776,2088.8013221999845,102.72422342691982,188.34036786077223
0.03942984079970382,72.42572824507269,36.40761536699859,0.09633416948414987,7067.820357187504,88.90814719889443,87.77506689400016
0.039614957423176604,0.5960991553942531,37.44870159727665,0.5033245150206812,3857.1228297775706,288.8610349133884,321.7619357669172
0.03980007404664939,54.15840528894884,11.996065036426998,0.22087603706496983,7094.154525049815,333.35338614751913,243.32754482610918
0.03998519067012218,41.3525967134274,21.98691361939938,0.84711883838251,9035.199548287283,18.061611672202034,7.817937299108213
0.04017030729359496,10.159813374506047,159.24047821674594,0.13593928923516568,4954.719105785349,80.10113142653397,106.14501600161479
0.040355423917067756,31.371190505898966,92.93794534758781,0.6713972785317363,18079.816688204857,164.79890164986034,207.83318719729897
0.04054054054054054,34.35136770666514,77.42078920044811,1.8274368421177638,18851.60312228824,567.5932980376714,632.3492831383467
0.04072565716401333,25.810515655610075,80.52273648872621,1.1880937710066954,2020.029852979244,301.7654742458418,167.6696618925097
0.040910773787486115,50.67610952418809,101.26407716901744,0.17274928060056596,217.03828791199902,52.00802594070098,1.8660616378544592
0.04109589041095891,6.181937359856311,47.86730395763832,1.9505030866903021,1232.9963313589972,53.307366242694115,117.2247339095505
0.041281007034431695,24.200044236807177,44.64177441663111,2.2902161255310034,7603.4363604112195,47.76638676416181,21.41854271476173
0.04146612365790448,0.6299854914772527,13.62580166692216,1.5423673302964986,458.41100615623833,40.12674376104373,0.16466258581042795
0.04165124028137727,13.91572907605094,54.45183340730183,0.013871001980226061,629.472265148814,21.673122866568146,27.308432266290474
0.041836356904850054,41.167531517816585,47.616877344362216,0.05934326953711648,332.94324470723427,52.119859225381454,29.30803896977298
0.04202147352832285,10.670783363985073,29.947843121779343,0.3701931809790312,512.2651264026065,21.944909755912004,63.27523174265035
0.042206590151795634,6.8661339444420575,6.041681689735105,3.257838819984117,3803.702575789461,144.3395080558039,210.13987630515606
0.04239170677526842,21.446193016247612,76.65556165705907,0.33625266154257605,10964.081036791484,1012.3698622041428,1178.0717235946559
0.042576823398741206,14.269391111695871,1.224108966193787,0.03542846609415284,137.79549059790108,203.91654322752458,326.6682949433386
0.042761940022214,46.164069095939,85.73765547684368,1.0620131876039316,2997.4487339452003,103.28573786748625,71.81635858275015
0.042947056645686786,10.875559982609888,11.862685035002166,0.3528260611730692,1156.3874202041316,107.0568520356734,109.07807908078885
0.04313217326915957,95.49852919149022,46.029963062156995,0.26092433225601014,3005.7682760816556,464.55295734434407,282.90915882386844
0.04331728989263236,12.38181279545716,1.5269705455057112,0.22705643486335791,19815.76433975816,288.4320250648087,325.0735080533106
0.043502406516105145,1.1782604436253306,5.688277550280425,1.0584828400150872,997.1862802233024,229.81245883037354,192.5249037302734
0.04368752313957794,13.686467209220668,57.72588411078343,1.114725258727611,9568.752289679482,268.3062396841107,266.53882283134186
0.043872639763050725,1.8145612843220968,3.665872412589421,0.06737698711955215,3396.7146895462565,320.9311800529712,195.3931680365941
0.04405775638652351,66.34792987509059,68.06824173436206,0.5747775376064458,8446.542492705046,410.77712137213996,368.83248978863963
0.0442428730099963,3.1459329124609288,62.59407020767856,0.028982442016508864,4502.984331115849,268.689688015975,379.1674118545934
0.044427989633469084,13.373658075602828,21.93737588172607,0.9271702241931202,1571.8267576909332,129.93848439303648,86.77665286750579
0.04461310625694188,35.18783128668547,18.466519541023224,0.2802491696821369,3826.1233524778627,13.711411151132094,8.796903424822943
0.04479822288041466,11.689666074233116,0.08599508890041974,0.41700631142961203,9389.10682847619,81.90548193885564,94.04202991539454
0.04498333950388745,17.99505035142546,11.065776576275121,2.4627790867032817,652.7243899932776,131.87098488219888,180.9846144694634
0.045168456127360236,54.48997851603642,18.6136235219187,0.18182688377030556,3798.8274790078963,422.0006598330928,344.1643131159179
0.04535357275083303,3.5300539366884665,51.956892539761675,0.1421051101829352,1039.3759673230977,119.99564643912667,61.268874863956526
0.045538689374305816,2.1032392630842267,32.874528194253614,0.3644482716814733,3034.3073563636867,459.37449070880336,262.37426297246736
0.0457238059977786,3.17364176121047,10.343325265374066,0.6922189007509642,1985.2412133261735,32.31887787449046,12.367480371747861
0.04590892262125139,3.2394874817617376,28.640968590292314,0.9684372485139642,4740.461691002875,108.08624494149049,112.73320568770376
0.046094039244724175,9.855514838305565,2.4656679748090022,1.62800302114471,919.3145534474148,140.22500738748343,163.0177406696485
0.04627915586819697,0.6130418891767386,36.79599269683639,0.20840403547835668,4912.25141146549,229.2730403007501,175.82807204952613
0.046464272491669754,19.01217828096077,13.749845048768872,0.1031699031811789,6175.562869119881,408.39116272456675,379.3669888934229
0.04664938911514254,0.9711507760303231,55.17386650864402,0.055485042839470256,2194.3365404685364,389.3806423496919,351.06974818852143
0.04683450573861533,0.21564905644987906,19.9668886357908,0.06151013067937649,1606.813063911801,536.2767310392169,517.9454504755039
0.04701962236208812,2.2429518113280458,51.89621932139877,0.17686005177333622,1944.3874278242906,25.12944585622322,61.47474259723939
0.04720473898556091,38.05052001151818,4.914139721407445,0.952933085822343,583.3824436618532,60.161280459705274,17.230097705871238
0.04738985560903369,10.957720914391146,28.009747286465178,0.07249445307847034,10353.173162934221,166.56139910352428,153.03617370102282
0.04757497223250648,16.0802970839446,34.864887390432614,1.4986581071793863,6689.645678524601,332.6551070758073,368.34495158829844
0.047760088855979266,47.50053945848444,28.12291625897794,0.20451414288303987,1831.1240340387571,343.4514342185038,407.2033458457652
0.04794520547945206,13.999540565727731,14.33375995804217,0.44919000412516485,899.8148540910353,198.46198576694718,256.1672809876677
0.048130322102924845,20.392986955959266,109.35533685139092,0.022905786758185897,8282.554082980196,711.633961920675,883.1373522209127
0.04831543872639763,0.9624665420325005,3.3454951812552993,0.7832730054887618,1550.833264586131,248.23805968161963,249.41021679264094
0.04850055534987042,28.56451839299622,8.673961146819504,0.4090154958752632,1132.9138161030066,143.45679144050754,75.38090120040492
0.04868567197334321,3.8034312111905697,25.55932123809814,0.20685795348050612,850.0622814877759,10.394199260795315,5.755067009677146
0.048870788596816,13.845245621659553,35.03925817954977,1.282472111939151,5372.104392026866,71.04880526989652,16.9681435014732
0.049055905220288784,15.61080254576308,15.166082702626765,0.015828556263177997,1880.8934307400618,1094.5232238242706,1064.131768676414
0.04924102184376157,3.015064267420338,1.992592377617142,1.2343237028277543,3885.59555440481,361.3332879412508,237.04194983168162
0.04942613846723436,21.14056150964721,83.74749506234696,1.9527314759618,2900.2983088358437,48.05993716035487,39.40608658078674
0.04961125509070715,47.089858079865444,28.074390170288478,0.8784032089758496,9476.095189646185,921.7282248066169,974.1395003528032
0.049796371714179936,5.02843750427918,27.427393308402138,0.09433333487929962,16.34068860171343,20.008125925479323,37.95842402887427
0.04998148833765272,15.644404899740213,8.671362169615897,0.6433454203479465,915.5907565138073,226.3109894097601,295.0352134119843
0.05016660496112551,0.2042783106706094,39.17136129400498,0.45077491907659295,944.1844833293627,82.62285836504032,42.060962652246076
0.0503517215845983,20.790591305835957,21.251017866540707,0.30846336786359896,10945.016053751106,338.6543780641639,341.5564013331589
0.05053683820807109,14.203186760694697,43.63929037288133,1.5494590094226535,11140.604706728162,91.30541032956974,109.59905121111468
0.050721954831543875,0.5150207870201647,19.751375193991787,0.17073996678578285,46.25494106882963,37.30105655732844,20.174522162190527
0.05090707145501666,18.051796761780714,33.26905190402031,0.594344918849733,1113.5684674093939,346.92936888538975,498.97737755253746
0.05109218807848945,10.028104447887834,10.56650398994454,1.522680508789657,6586.439996483491,5.093357347750243,33.64295204584579
0.05127730470196224,10.106880643008024,106.27882938490013,0.09176210804399498,11445.34022093127,1.8002160634381934,126.15039547080791
0.05146242132543503,1.0134874700678846,13.246371110690287,1.8648012043928677,6815.216834245375,338.09856771511505,439.87788539316074
0.051647537948907814,15.169616655651398,38.91361335996277,0.537210571128464,3197.5099206434215,6.120032482855142,29.32936383796908
0.0518326545723806,8.870013053972695,25.233836983005137,0.09631551344666192,758.0990682035426,19.900413826407014,68.35050389457972
0.052017771195853386,12.361856785715068,14.731776808718404,0.1138143852409797,4446.725755776726,57.200520961156414,29.094075015223506
0.05220288781932618,17.37789769897113,19.07211560511159,0.955021155381844,244.48428007021693,309.13865393291115,278.6148527562765
0.052388004442798966,3.065895744069355,73.59863536625534,0.35167453650827646,6051.527980862363,35.973121249606045,81.20682096527258
0.05257312106627175,1.1005926799562586,5.724171541573337,2.39685789615376,371.57516929918717,102.2447330592361,20.24450153173992
0.05275823768974454,1.8915610851986095,22.44950961178955,1.9944133598056557,6352.421849048515,39.33629227503683,111.44605653469584
0.05294335431321733,0.9108896659621233,29.404227397482835,0.03401034470330758,2753.8780676781594,338.50408333823793,235.22529991832232
0.05312847093669012,0.5127812859213392,48.31891520733788,1.0797803792773746,5006.651833652246,527.8747888399665,532.7915199505471
0.053313587560162905,49.207751024104084,4.229023999901869,0.9925263332785237,10242.273984083346,181.03176606802742,108.13283358599926
0.05349870418363569,8.268990991516723,41.696314523270296,1.9114304048097526,5906.019003977928,69.13265363639799,133.81136196810374
0.05368382080710848,14.949833911656476,12.295808135722659,0.4412657622429363,8482.482042753889,590.3967099839325,694.0719249151706
0.05386893743058127,19.338915790105155,9.009710364755692,0.27584316313281,7095.688502169988,719.4355653610847,950.1346565327061
0.05405405405405406,15.17552715918249,2.289700071218037,0.010373804515616024,4365.978775229268,186.96662791112303,270.2029868452033
0.05423917067752684,4.536578210349096,7.665722277191971,0.5140145664037519,567.3793752145357,207.44823854835448,163.54909060066018
0.05442428730099963,4.9698464143859455,2.306919728283204,0.24471903060548708,3224.3241459956726,33.25211347811687,86.64488692690668
0.05460940392447242,21.378662900493563,3.868581107163448,0.1301956474352114,2675.388903504453,274.0519138826638,222.9805988887957
0.05479452054794521,13.752619940401688,23.696121954672048,0.3835586332674833,842.2752613309882,696.9699422658524,566.4448765088907
0.054979637171417996,3.1915203165266552,30.88594860757526,1.0402852140208707,1930.0312359750624,136.636057831883,209.26755102854506
0.05516475379489078,13.651357821414015,36.73809443484336,0.12981433740421414,5129.350154639206,309.07492222423576,228.51244793394733
0.05534987041836357,16.586137822507776,129.81750946678991,0.2585381294870299,107.31033630531059,4.1502361872390985,12.048984859056251
0.05553498704183636,17.78642030439971,4.2468024637485815,0.10513896393862866,1259.4331935732978,270.8363350931445,303.53173407309333
0.05572010366530915,2.6898323137189806,4.961606131020414,0.2882188335801385,663.1070095594393,95.40975355675347,88.0204325284282
0.055905220288781934,38.68247468705074,144.99885339274877,2.506720474835868,7205.955537945457,1133.709479545978,1100.5749545962806
0.05609033691225472,1.7528258346452925,0.8708623389972086,2.354794445193279,671.9447057062627,209.78932128687512,184.199796779206
0.05627545353572751,0.6764832612458908,9.512132997577437,0.47215058286139444,4258.803388015144,1.93865865635347,31.5371467795834
0.0564605701592003,3.040045763188681,65.97029610452847,0.522391672907164,6455.957591072131,103.29270351444046,260.87191356810905
0.05664568678267309,7.0519219775314586,0.3022488088858697,0.7246226683772171,1180.427286250453,24.09508409289739,7.671047126624697
0.05683080340614587,7.289424424367639,14.878739891811048,0.5219101337701079,4013.8145855888533,21.612189117342993,29.681582610790194
0.05701592002961866,4.815128641254446,34.07477929296448,1.3264785040256593,16470.369759029087,441.79170013590976,450.9136713142503
0.05720103665309145,1.0342892912725574,24.99223600248681,1.5504759219442996,11003.125877773362,18.645718397678493,72.97284695276396
0.05738615327656424,10.924502331813002,38.07478303840774,0.8198468755323245,2292.5378952399683,30.875454360356517,82.75713550923933
0.057571269900037025,9.91800001047408,43.06764797753951,0.28827211433224226,1313.9921682295574,225.19915527200976,314.86124445342045
0.05775638652350981,36.63813143028485,44.722345437513795,1.7419218913140986,7055.791563194157,306.0579888788024,165.64507514633817
0.0579415031469826,5.91615472474366,34.51721758534644,0.16855644517162469,237.05341728543223,41.37391650672116,37.027825295435136
0.05812661977045539,15.79313790002662,15.06197261478802,0.09652246137653961,15302.004660349874,343.2715443025177,453.37629994808196
0.05831173639392818,1.3268139108630925,52.306026931042524,0.04736935692014466,7644.455455015735,352.62697096014466,259.9641486477571
0.058496853017400964,21.937527678733034,31.865973017055783,0.03311612797589095,6932.913858393208,178.21106571785685,212.3212469146288
0.05868196964087375,19.013956786960485,9.870707530257452,0.16275370348347024,22417.201428678134,140.1397955381671,154.46301419980864
0.058867086264346544,1.9581361626427574,43.68993697771956,1.864026803814189,1529.1332812776068,553.0816634000058,548.8120681081332
0.05905220288781933,18.902262844558425,32.35862850019549,0.493792536476006,6365.036201397859,50.987947138958866,74.92707636598195
0.059237319511292116,21.68482176227089,61.70263412951946,3.594222892444414,28214.01581590323,1244.407301159713,1329.9471787032605
0.0594224361347649,16.2396112055439,8.630616064493472,0.17013976373505257,2160.4766799999384,309.1628812802312,265.6497630009242
0.05960755275823769,19.605730850149616,111.24601942625593,1.6293310072677516,6806.93607005833,217.50020161734557,198.10325674469516
0.05979266938171048,11.61392321575713,10.498781201602279,0.5872800399723083,1884.192290589992,148.14664179662753,176.3745030146727
0.05997778600518327,7.043270302290391,11.893706085822565,0.30301837655678177,298.8918196534085,17.12812930507224,28.270663192014187
0.060162902628656055,6.613190641683376,22.45601863083193,0.5013291952481825,5022.571344345142,154.0425420135703,183.31284901039052
0.06034801925212884,3.44871434133628,11.715464215208092,2.0570381976949283,4388.393705173746,899.217859688278,606.3249016391726
0.060533135875601635,9.946050305609463,29.943341629393796,3.9723444479241596,1332.530925424229,100.43961222627867,269.15445417807706
0.06071825249907442,5.752312159220907,29.593432968728514,0.34169263082100637,18.311430113899025,226.98682755266157,184.6650900975547
0.06090336912254721,0.3291186589336425,43.21753253026339,0.5226018991183572,1481.606509473409,122.30595052818451,53.77125745785312
0.061088485746019994,10.817363064888214,32.40412952748344,1.193961164607685,3033.644313234259,250.4875176344614,195.60051065824982
0.06127360236949278,12.357712733404837,1.53265449649736,0.22840173441298353,6177.573992690631,1010.4625983816175,1052.5920139790646
0.06145871899296557,20.13026518513874,13.2276595330872,0.32805998417292226,7283.405724851144,108.95170554873884,131.0534977277494
0.06164383561643836,9.645736378707099,37.270855083980045,0.6588209116100503,6257.937450169198,177.98116044740118,289.95967213303555
0.061828952239911146,12.93527281872335,29.590624825948467,0.2366372717561346,1303.2596615125337,519.673226446611,512.4964745483323
0.06201406886338393,7.5695975086965115,57.609357281203884,1.1565332510343944,242.94870500623725,25.763719615449283,25.355199954185565
0.062199185486856726,38.77758349169717,0.7687584889744535,0.24231024054366954,17670.455247107544,169.64206686404168,127.95055404706505
0.06238430211032951,7.77690257216411,39.94066059634337,0.1721105964682024,1817.4603812665723,92.8114121909738,31.340158596614817
0.0625694187338023,1.83575570800001,38.842667246777175,0.12396009594153538,5193.790949287627,73.15118286470799,19.764900785500686
0.06275453535727508,17.595953953455453,54.10385358978121,0.027121590705369333,5719.419372953458,179.405402380084,182.75266113365973
0.06293965198074787,11.056790526470609,16.090714080398048,0.3633913515786069,2426.1477902015954,76.7312345107068,39.851340756227664
0.06312476860422066,8.371081099742291,0.3388942364061864,0.6597985571416866,4815.225257368786,23.016614377599854,0.11804270604167981
0.06330988522769344,38.192836782261466,5.789277462817043,0.24784674871655205,12890.526550628018,257.86715427963713,346.16916141234043
0.06349500185116624,12.708178825105113,92.86801980144065,0.4534067674928909,4563.075535046998,369.843156449642,320.26291420423064
0.06368011847463903,32.53073589773553,0.8908500919338694,2.0407070187632987,6709.707877137263,85.19332618219006,92.86934503105566
0.06386523509811182,44.217187634266374,6.38229815643226,0.024564952583688036,7582.7719409738565,39.06168729950072,64.27661745106309
0.0640503517215846,16.285546500514606,3.552083610045682,0.01269810219427103,1201.8296004485096,66.70464813626238,46.28261316340906
0.06423546834505739,14.422269539429836,1.0512375568325762,0.19306919299252803,3438.5066793724095,26.59786041934913,32.5902929200849
0.06442058496853018,0.6119639994718755,9.869900116159066,0.6855158131337195,2492.8148068436576,77.70820609347675,91.90020316271995
0.06460570159200296,27.267956086516804,7.64584625749827,1.7414144430560294,2647.5704054791627,80.94892283700663,92.36152506426906
0.06479081821547575,1.3539595597461904,31.3808905396322,0.5348716481513928,6918.091546815255,61.28228838630728,71.15877439053517
0.06497593483894853,14.411287663398731,3.878198219394348,3.9170003037218954,1469.2766114227525,641.1253637110774,425.2481367996804
0.06516105146242132,84.69204553638615,51.18936209811761,0.29911763901688954,10183.681668112727,103.81261087799535,140.87901404229086
0.06534616808589412,9.23275318046919,15.917616554317387,0.7573926446790068,5674.851188295235,7.612665243251876,100.98536971258712
0.06553128470936691,25.648177477623385,1.6793256451880059,3.6071131698263597,2503.291227410047,28.521626257724805,23.94188253256512
0.0657164013328397,5.228498044562921,15.588249067449784,1.7906062428230638,16139.209137429649,427.32708317477324,672.365316839091
0.06590151795631248,0.3970697171380021,10.933253423039364,0.06750557576925993,279.8226524419754,607.140783191222,485.37624634405387
0.06608663457978527,2.8792072395199373,39.247897500842505,0.9711475708831734,3473.926547054332,53.04653740711847,32.077337213719936
0.06627175120325805,2.378882241127964,9.914540935648077,0.42757041450860306,979.6684324791605,117.67733746946753,120.04000921464774
0.06645686782673084,4.450170200122915,0.07523980597579304,0.9915430845038551,647.4495569706686,142.73559299715842,295.7756787142196
0.06664198445020363,8.021217800287747,5.671128717652877,0.7269403896720955,1543.456616068465,358.7354745942442,298.73036091437206
0.06682710107367641,0.28389361838949234,34.775940407086516,0.7149700857981439,755.0690947935797,110.58586214673967,133.18445914460293
0.06701221769714921,9.579356178476134,0.2239365770966565,1.0586650796503525,7754.596781044696,226.20489961019567,237.83829579712284
0.067197334320622,15.28080884395037,5.255374191931627,0.004083914933979499,2686.2714413595613,60.22179123594986,192.41425665307884
0.06738245094409478,22.504191889498124,47.65303506870699,0.2528091268186913,171.5923186972197,162.25664006807298,89.06626882496019
0.06756756756756757,1.0284869624611934,25.750453943748045,0.696595060551531,2052.5266091549133,1001.3700754063095,1161.8823023162583
0.06775268419104036,4.832994851064274,52.530167335105844,2.9445292609307527,71.64122761161373,22.095268282372725,50.06871791887402
0.06793780081451314,12.708431731129153,8.90863613145047,0.7968471438498199,238.22267886062966,238.08854422594246,174.45686229787873
0.06812291743798593,39.6254625218387,32.370292222347,0.46390550199424874,2400.8779720148177,664.423646576243,732.2194030352949
0.06830803406145872,22.947669705472617,10.159198747801467,1.0115802444203108,6147.816895426934,85.34450301018389,99.02899609601542
0.0684931506849315,3.69927547909288,7.042091159545476,4.533709564714162,456.9209059386182,68.21949802686653,48.694826506379286
0.0686782673084043,5.834786681596357,3.014614533592918,1.5688767044953986,721.9761517010166,53.97565645445302,21.510543207014262
0.06886338393187709,8.119459268520725,2.041534817843015,0.46666380176413647,15788.796038657723,61.64087754356701,76.70200648561355
0.06904850055534988,5.635602709752132,104.89885431237316,1.0902220362425594,179.65343509433967,614.1904019907475,418.02762775982325
0.06923361717882266,15.887494911628888,49.62359441798169,0.138320326967349,2507.3965942545015,20.531212004259928,0.8119458579535159
0.06941873380229545,5.4609308439762305,1.7578916797183666,0.46517063191947466,6788.893351993259,361.7170198030683,354.16200537817167
0.06960385042576823,1.7549586022471926,3.9189672002389155,0.2296698706765411,7680.13342830804,129.6994281326918,154.04447521256336
0.06978896704924102,34.44453095269229,6.2683861133859295,2.713821255828304,5917.828608799976,270.4144811128044,230.6871465708566
0.06997408367271381,2.609479650410893,12.447444422041071,1.5649361868669653,13554.222532603797,1344.5558637690385,1117.069781888257
0.0701592002961866,2.200863609123438,33.35346721362482,1.0372105682795612,1767.0925995934779,200.60011886694937,253.91818445912162
0.0703443169196594,26.46270549045118,16.657514932542302,1.219920156638635,1386.4849315722786,275.59346087550404,294.0879760011817
0.07052943354313218,15.878019714428547,80.93261353633568,1.093180090185616,2686.322643975215,108.73571036475772,73.54316174036796
0.07071455016660497,5.204509905025123,19.88097318874071,1.5646801675416533,1922.0174046400864,633.2713716997293,818.8755818223191
0.07089966679007775,19.703595984050885,13.109465655613734,3.308573979744937,3017.107257308767,381.7625510282259,388.34922652273525
0.07108478341355054,0.4177092696566812,31.1002172934706,0.3016015998759884,10906.031073591306,193.55292698618896,155.9275607651342
0.07126990003702333,0.2988220101016463,55.48007281055052,0.3429510288350153,2288.995060537661,57.177554177180646,12.55870780388081
0.07145501666049611,14.91018972441896,4.78955618426967,2.1464775435123484,328.3589999945829,94.93784713810287,58.83772950167097
0.0716401332839689,0.8364292122460343,88.20265990286418,0.4127065840188471,155.70990382771103,143.89117089518982,37.14507707470695
0.07182524990744169,3.679297835895022,33.75152606849439,0.31802759964628574,9605.389510788908,109.46255863146607,125.18512778927449
0.07201036653091449,1.665643019824524,14.722146200269066,0.9329425609051383,1968.937112730276,121.48099686423328,51.15330956195899
0.07219548315438727,1.0988717781854815,2.039145298298928,0.08780623407434612,2710.862425565603,254.10985743716023,401.16591812802164
0.07238059977786006,1.6551991692595311,25.407303752105634,0.2921137884293588,12758.986661463508,498.6956474865136,492.1922751329378
0.07256571640133284,2.974343108962782,6.4700600604112255,0.15365463805318258,6881.915832672779,172.46289241118347,115.3264322262377
0.07275083302480563,3.032035359448238,29.935730945204565,0.30516793790253977,101.27548211780572,177.21798220381086,198.9791846508583
0.07293594964827842,2.341336200167291,26.78616010202744,0.25788990893074565,7280.354207461885,119.85657547656244,88.78514589997584
0.0731210662717512,7.928984411887002,42.768927324418534,2.9237845529777333,621.221515215291,476.1824346492457,224.6362906670605
0.07330618289522399,4.0686477632874585,5.172545280789324,1.2478588569577156,7252.8769191691035,138.48772586163736,137.39026308364683
0.07349129951869678,11.551101832863662,37.479164278578956,0.6716340011530447,4684.435194018086,316.1107554800389,286.1877265707135
0.07367641614216958,28.128019784400475,10.361136891526296,1.4436316630511512,15058.417497409038,184.54836217565327,190.2453008938142
0.07386153276564236,23.72692875151693,3.7815045782611425,1.3012222518976377,6501.831685357167,624.5059944360181,659.4826241295119
0.07404664938911515,18.79034115874533,5.821078444074867,0.25864829682286544,85.69109915483142,955.6441292024012,621.1074481207781
0.07423176601258794,36.434201566231394,28.034256993071505,0.0648473382492777,5423.918493908054,401.63251965131485,423.1434403891627
0.07441688263606072,13.01693662659731,12.616271870227925,0.1996487972683271,6882.387946065539,241.21926588991556,223.9560038870685
0.07460199925953351,14.733345011778452,11.440188748982033,2.509038175009954,9014.749180281708,148.7662519680897,88.49478648634584
0.0747871158830063,11.031940962997627,60.560154282549,0.19796202404364838,877.1144181450064,723.6024556181529,505.6190701617905
0.07497223250647908,22.519491999984798,36.983480584272534,0.6791849273137376,4606.508094346683,261.51091529538655,249.60485737501412
0.07515734912995187,7.045744745428072,34.26802219575739,2.056499822925224,321.93933030112703,197.20783406527332,181.06968892803104
0.07534246575342467,4.991039625634219,49.56271994722163,0.4888474205614314,571.8053518247901,320.4709014025992,438.89875346118987
0.07552758237689745,2.584183387703543,10.355143533954724,0.7822396523478293,9007.823376210741,187.5947920489002,188.79717387866586
0.07571269900037024,0.38668502127603804,19.081145581652216,0.13455121456700178,1216.1481248349312,98.18773593960206,60.38933551825482
0.07589781562384303,24.612362918287296,34.875864787059484,2.298637182931593,5545.801248192261,86.09182931819059,78.38298959283266
0.07608293224731581,1.5738985932136462,0.1457695338879382,3.018836285727503,3619.911018422743,3.4480456749634594,38.231772127713995
0.0762680488707886,18.41478867330342,138.61184732766654,2.422907607864454,212.22719228773855,356.47205158671034,379.13543966930536
0.07645316549426139,28.929977327871498,5.09664362809457,1.19168995428856,400.1979104061807,705.7917765740763,437.1353699994491
0.07663828211773417,7.49232345727856,12.414610236762636,1.3449048410722835,1863.0070683375682,204.0354292273412,253.8184612339944
0.07682339874120696,1.8647005612662233,69.83869819878186,0.22884932150931764,7312.210013034457,233.6373572640915,265.1405397535487
0.07700851536467976,4.284110301595374,3.4316541588729645,0.2415348682775217,2822.856691675586,46.28535629376613,23.302961049953353
0.07719363198815254,5.0451136086556785,15.660500792457952,1.9589663077466537,4818.178616914793,166.9795591484361,232.0739914011008
0.07737874861162533,48.878480858215,3.7084360166331405,1.0075570810856178,6091.266455377322,211.3644126047555,256.8165636777858
0.07756386523509812,0.9261978232727995,24.55951879321024,0.20266238048416255,8693.654918750437,679.0311951073581,720.0238367541367
0.0777489818585709,3.9237446610663946,29.508192694344437,1.0600416575037712,3772.711632748268,705.7570385576457,665.3983398528502
0.07793409848204369,23.859960187780192,50.440001136366874,0.38674170411367187,4906.5777221389535,98.16831031047977,85.3452659324366
0.07811921510551648,5.9878448647864975,5.905710375712654,1.8633070654667678,8648.339657305114,44.263884562850265,63.57355709904756
0.07830433172898926,7.389157171862568,38.52681280489117,0.03754900892798015,1085.1827302288134,175.24208251053602,105.46691050782471
0.07848944835246205,2.6327979622325204,0.14659601827281465,0.06803807552352059,445.7955013430593,43.884960560624556,23.88593970703433
0.07867456497593484,10.789521287797093,23.00589099700966,0.3277184982951116,14713.473519589113,290.5337365070275,501.78072962248103
0.07885968159940764,0.31242561143724623,2.3484972360083147,1.0505603924956572,523.7324380188445,188.09647089917968,215.66795080529292
0.07904479822288042,4.598564930076111,7.943757645899936,0.08062690676012842,1210.1649667570603,51.317143783949724,146.43502728146197
0.07922991484635321,11.211350813435715,31.413794547238712,0.5049083712204732,4611.954268259131,85.48748404635731,63.18671830815462
0.079415031469826,0.3954640672614376,29.330343955782922,0.42328624291693745,217.71984595358305,185.50190265833933,164.58594827669077
0.07960014809329878,0.6035302600329198,4.485785958428594,0.5404219121064334,569.7069311648628,984.1354309839393,434.47973223846697
0.07978526471677157,2.6389697539462795,18.041562711044634,0.12544210826158322,1001.8661545604406,83.51574546452669,38.52695440967437
0.07997038134024435,9.99135398360985,11.0597531176338,1.3418500779240727,4679.062102835403,534.5805951776813,378.8616426959349
0.08015549796371714,0.15240508856942775,61.658944962815234,0.43369498981878524,3258.2132344372308,334.52691424111634,362.16168750008393
0.08034061458718993,6.581919743841466,15.261929350800855,0.6817254801312559,4223.2217367923495,143.4193807358408,92.35952290917892
0.08052573121066273,7.277198710987748,42.60591504575618,0.2982438599112581,690.2412783217592,294.38902588204553,187.89737169209974
0.08071084783413551,3.422602656042697,59.64207315004371,0.9031958695399065,3836.8023965890325,91.95587105425055,221.18986016431964
0.0808959644576083,9.787535407788393,70.5207429898043,0.2682869827228625,1892.7508557086119,277.92220790978047,330.28335883288867
0.08108108108108109,0.49670998109277636,23.09162272308134,0.5410098251941504,5127.726753840265,158.17854991681511,211.39372653497122
0.08126619770455387,10.577274673353436,44.123290597228014,0.8064361690930595,8156.0569204474095,190.7267196586429,163.61584862228455
0.08145131432802666,0.08866719168150827,45.306361451560306,0.6459737106272138,1293.5313038334855,39.52641566030132,78.87040750142772
0.08163643095149944,2.351161123548007,11.66438363784986,3.0510158899169073,1767.4919434594983,238.9458113486219,342.98423382129636
0.08182154757497223,3.923180770433399,4.984101187904798,5.009561084776817,11724.538311215403,494.291064684144,610.5759040240557
0.08200666419844502,1.192529652223918,23.503168717156548,0.4064999053565786,3292.5738397066225,160.39039965577103,132.34470127936694
0.08219178082191782,2.319279848855004,28.20899204617714,0.44636306005303,2046.4289903509773,259.7084217037703,164.33364746672015
0.0823768974453906,0.8343781247756292,27.59792354909894,0.6858845055830177,2719.2607074609073,75.32479626252886,35.49305716480137
0.08256201406886339,8.061957437155508,4.523890669216882,0.005132176132528186,4994.955138050389,30.06160230202864,90.65339083362366
0.08274713069233618,0.7692039417002922,21.630396378494844,1.1691230656261922,3659.5708244152734,19.441192729991123,62.94239280618427
0.08293224731580896,1.4865492670506262,26.921382946620596,0.3912463198014354,5807.207617228516,41.07073357680967,101.776182001149
0.08311736393928175,5.723115240694178,12.161509697289272,0.38039194537477977,6289.126873369644,369.46939810525487,470.0777900454897
0.08330248056275454,3.28759564008551,16.51624655750799,0.08403699561165331,7794.445801285987,103.86633359229155,137.53866693041144
0.08348759718622732,11.432542341659932,9.63229988127335,0.17465461970494256,6116.001687734906,37.2403324678851,32.570199491720814
0.08367271380970011,9.5938429788789,15.430298041216865,1.3484860888879662,4315.7212031048175,274.53485755618874,307.2944511433754
0.08385783043317291,6.757011609778792,18.875225515634924,1.1094228828341,2896.2964068007504,45.628017531989364,3.059857932004019
0.0840429470566457,2.4766337522909603,29.47628232671568,0.03184113203021718,3805.4823962576766,96.00401686311879,102.962304688021
0.08422806368011848,22.0355504591423,52.175375713460404,0.4827949893603553,8725.173957211431,168.77923583407934,115.23989061236097
0.08441318030359127,8.2991102281635,20.026854093108906,2.6187968740935386,25326.22108605448,60.96697952027767,182.07577345844538
0.08459829692706405,26.503240668923784,52.01621028429238,0.4714582674426537,4902.614909524958,321.32174176436484,319.9774547187369
0.08478341355053684,17.48148411413629,51.095112041749566,1.5645282304508747,3063.29614011533,205.9813919509105,296.5925449400837
0.08496853017400963,4.025467633449427,2.580185216969605,0.09919800821112233,88.17496558387172,129.96959897263665,49.54590825331466
0.08515364679748241,37.54980817967099,2.611961982927486,0.7762989318073056,5422.926835349099,314.8351701220665,230.60305567125826
0.0853387634209552,0.6498052051745714,14.522459510937521,0.05690015550760061,415.9237072204023,59.750100577130745,39.343350014196076
0.085523880044428,15.781465776771547,63.65465668700996,0.37142480021113433,7432.610115606615,95.39151001870773,123.82907973389082
0.08570899666790079,0.45616981572947296,13.824056988579311,0.21948449861824745,5272.799378141296,32.521055411979525,31.773224525796408
0.08589411329137357,0.2501201558513713,9.135053095503737,4.967617301478253,6462.408980278683,679.5058492583659,599.2381979874194
0.08607922991484636,1.1998466305930955,0.8477525287147905,0.5787657492979792,2285.8703019709565,51.12413954564605,47.15207861108412
0.08626434653831914,7.12035839773736,0.9072396296295309,1.5384334437196714,3146.6147956379127,71.33918213240366,40.15198233260085
0.08644946316179193,0.6613699238023371,24.90781230797147,2.3683911795835755,3481.5692602242675,59.763315349935056,89.09821492703833
0.08663457978526472,6.54856481076157,0.5680607407860219,0.8857344537403012,809.5470880708331,156.3128766986001,178.09848822543753
0.0868196964087375,7.5444363357024296,6.673696994425866,1.903610581737023,587.5031971454265,183.15718060867664,146.82964135162655
0.08700481303221029,0.29471148543840625,4.179287831719466,0.32768201324590207,13457.084768790364,333.5575280741794,609.2514329402815
0.08718992965568309,8.864808514867612,4.581410635080358,7.608153145267026,179.088851821676,30.48883768593902,24.013774643494283
0.08737504627915588,5.40741619051865,37.35995445726788,1.0284608528269292,1294.8811502004712,532.1347088703609,674.4328136031417
0.08756016290262866,5.211828741608193,2.8458323571683675,0.16500572098333632,6983.528073329925,175.13923704515068,194.92869311299032
0.08774527952610145,11.497808343110709,13.289434043638982,1.0702381543256394,69.75628589698786,87.64470032897422,63.23473129479522
0.08793039614957424,15.739787036962758,11.181306132629853,0.06384705418571379,1331.1348713392933,126.6654212317093,141.52417263066826
0.08811551277304702,12.067138776699187,1.2532196933966264,1.6339779882432603,2794.6085568244284,172.0748992909998,236.58253927424147
0.08830062939651981,7.540699773645339,37.57725810700187,0.9574072890240074,658.0395375697036,447.23236540117927,571.2821074234984
0.0884857460199926,5.191104253942843,22.678849031581088,2.8336266611085827,5380.438139037415,743.2255959426737,797.0033160113034
0.08867086264346538,6.526030058197741,13.284053747719202,0.11905921745550954,3047.0510946877735,271.85411902418474,191.84575804477117
0.08885597926693817,0.2733767003796461,32.92364325558577,0.17383899860853014,2105.621991132306,347.0477343489609,267.26555356440326
0.08904109589041097,1.7264251174777465,1.2607891420889104,0.17980786018181116,379.55642555220237,104.65700831785257,53.65268540591013
0.08922621251388375,17.44270149203616,0.14860994002368547,0.6804512090897034,112.13547852017426,76.4532124983317,93.65327608925432
0.08941132913735654,1.0310059198920847,27.386765321609772,0.2117175507528592,7362.390209662578,280.2383875563779,214.4570129102789
0.08959644576082933,11.203546959513048,16.76997375361565,0.12441255498036238,2255.5045378321147,306.36635840490624,168.5575365556966
0.08978156238430211,5.31840571434863,10.647140232457268,0.41367134551548,8013.755207367168,47.71059267140573,38.223774538325564
0.0899666790077749,1.1610435431548642,35.82064943313541,1.5767649035783906,3817.920572965094,99.50984244039199,60.37889042713428
0.09015179563124769,16.431601877804653,78.54785521113243,0.13292531329493812,617.8996794103081,612.6902400905719,337.88242994319637
0.09033691225472047,7.001356688513101,26.532570386164938,0.07738472381420929,865.7931816894809,587.6520798699585,559.7893177371369
0.09052202887819326,12.363211970924386,36.60350221672257,1.5037293312617068,930.7650416581289,30.171408822091493,42.04517268760804
0.09070714550166606,25.552620183305848,3.174610052641433,1.1507505902994843,2500.0954461797983,593.0748961735077,603.2757515534901
0.09089226212513885,20.473948608441848,23.260421394763682,0.7239310335334805,2385.822257286249,237.16842247686174,265.7401059142653
0.09107737874861163,25.674189481727108,32.77676258036686,0.8092044471267672,11114.757092505513,666.1308924941173,722.1343302112114
0.09126249537208442,8.49333423165924,1.8110193892200015,0.22577813087883314,2008.025196197259,62.649052421373625,26.28176940803558
0.0914476119955572,29.49694666656914,24.106071882570134,0.07489578571809082,1165.8708657313282,367.1875620551909,226.5414336173779
0.09163272861902999,1.325092684579718,36.27958347604553,0.7359928282629763,4175.537842415978,10.814350265332449,6.009468301836945
0.09181784524250278,3.836722791958141,1.913337704026393,0.1278956283975284,7094.732682115492,169.9651036142147,134.31162062722728
0.09200296186597556,12.751337379356052,0.4000517684032523,0.31131657530584395,4933.007702945973,11.014977318903298,25.285125934896428
0.09218807848944835,0.8408995685645242,15.625707404940945,1.039685636073266,13803.586927408458,57.060620848211244,85.97606640950606
0.09237319511292115,6.955215353976254,36.10067706638113,0.3627200835216896,11299.014443068458,66.61136136421128,20.399548666832825
0.09255831173639394,2.7703628603493122,58.9842648969669,0.9494243259686764,3914.959038917306,24.438204550159526,48.32909279350759
0.09274342835986672,1.9614722260706061,7.314765632736676,0.9684433749656856,1115.173309717661,129.3672005353295,193.67984433458957
0.09292854498333951,0.3693084476733212,49.95060823357251,0.8056207295934755,7050.409096489784,218.14344560649027,298.9643957697066
0.0931136616068123,4.127997978383392,17.091488757963045,1.6437293671512387,21488.388473079798,53.69533302993771,79.2331990637687
0.09329877823028508,1.1507789041588907,0.6342461025166986,0.020203990367417848,6108.489745355052,77.15269500313819,122.02239536615514
0.09348389485375787,24.008109814143136,32.28530317282645,1.7043812745747589,18038.973146026485,15.669438123690398,53.94622946838006
0.09366901147723065,3.693724651535231,21.327664865141415,1.6620503262158204,6963.207539340495,105.06322323585587,225.58476987519967
0.09385412810070344,9.933754422198826,33.535194512094385,1.7314078957057135,14208.387509655793,28.556381120199095,52.6852089805528
0.09403924472417624,1.4007384899713025,11.358359688416629,3.6063607112468268,8746.667415406702,29.097538158606426,28.70317159972336
0.09422436134764903,19.768461400422662,26.88514577035291,0.3507644414879332,3052.027868164236,16.53572562246109,13.003673446158533
0.09440947797112181,4.393338355890856,33.15657986153062,0.5571511672082721,2835.8013310642827,321.4589200917076,282.3122215379442
0.0945945945945946,21.660383659407948,46.578055220576395,1.846864528311579,1330.3013729075035,322.3567222779646,385.8606365519687
0.09477971121806739,3.269982894512239,6.71266254108916,2.4105929381448523,925.7642173081242,59.83450781403151,42.0472559154023
0.09496482784154017,7.11510743056705,3.480888846236688,0.590522801417866,5399.9236110550055,367.96973930448405,288.6232721705538
0.09514994446501296,4.221915137752959,35.58674349925646,0.21316904630321654,570.3128713704671,97.55963201844528,120.78708684826914
0.09533506108848575,3.859121899287639,8.546123474889702,0.8712819923224465,6997.549306115132,535.2808409226449,449.7762136317324
0.09552017771195853,2.8278322967297624,5.5225002833123105,0.0030950348029277416,758.7263927895191,106.0958238437829,13.304124091445908
0.09570529433543133,2.248872492683563,36.524575427633266,0.24044741622813862,3952.4709685299663,493.9842713897074,467.4211452632937
0.09589041095890412,0.2957092874052755,36.726591269279595,0.5232786521286743,1860.2872931114632,7.658194183812838,22.303618692626547
0.0960755275823769,7.071791929198706,22.826670254040145,2.7828795528877737,8799.981994964988,70.66663735368762,91.94584432435852
0.09626064420584969,12.389573393014164,60.5512904670395,0.006385720522178123,2808.7620814450106,133.90830564125318,157.97488204912196
0.09644576082932248,0.8418735227962716,14.456596655274717,1.0097932139729686,21289.22496123594,65.39269509608714,115.13434879717812
0.09663087745279526,0.4640825202104156,41.82517227836219,2.466420322861926,8899.357033084105,182.9827373936657,193.79333822473185
0.09681599407626805,0.2129666889107536,6.791992156598427,0.7830497940162406,2047.075289436053,67.65581005784887,92.6183003204795
0.09700111069974084,2.416886166672157,12.45137922676486,3.2849023889246793,8945.06943610869,6.761447512041225,96.13436083070228
0.09718622732321362,1.2047687518834165,5.431934496669616,1.5134172231413234,9414.848446989885,25.125601885459744,43.77630219927672
0.09737134394668642,16.672379837220902,8.748462548734302,0.6582010770920609,2173.5589489399517,62.34117107392103,61.38819483434729
0.09755646057015921,19.30446322621358,7.641883534405051,1.5703045648627274,7083.119967041172,65.54394193709925,112.80767772683681
0.097741577193632,7.789626133061458,10.895134327663714,1.3666205356785552,252.1064862756892,32.64431174363635,17.902231604574244
0.09792669381710478,1.5672459775207999,26.6399775012471,0.3752624023385221,11662.879815829985,106.1905613205356,154.4123340290842
0.09811181044057757,14.48831758016168,11.225228387621545,0.6361569634755193,2515.217735283722,222.7427391987151,128.8551918536644
0.09829692706405035,1.769644554258855,9.388464345160424,1.5570108517303838,3131.7628514353482,188.08836485337238,102.5489225772221
0.09848204368752314,2.754213574119346,18.347526150410303,1.6452672916463222,8471.942598942038,9.890733702616055,21.54373408705927
0.09866716031099593,0.8224082747433931,15.752146344945883,0.5721761064435028,2300.582179884468,161.59523646668998,242.36429165636974
0.09885227693446871,0.4246353521209753,7.774212047958933,0.529397865373843,2570.5234435467974,22.32571129110608,31.839143948121794
0.09903739355794151,1.3437124025035008,52.21413758563593,2.3702717540499343,2509.155546619045,443.29207224762644,305.53915657042717
0.0992225101814143,3.646804593291674,12.52151948259259,0.056339447239510496,235.83220413529637,309.8748388020174,173.5394916193776
0.09940762680488709,7.745582376654701,12.05481359303821,0.14437349557888168,23.68815123412992,375.11288209975794,437.7927783829881
0.09959274342835987,5.831999280730242,10.43212549040226,2.1295095377194206,4118.926570622819,885.5966111950432,763.6833560286103
0.09977786005183266,10.26084424541788,11.5940265383645,1.7581329836768256,908.2922445625984,557.4323877491627,406.2510867475036
0.09996297667530545,3.4351426807738257,82.88290438581528,1.0147152895028606,103.1749566574367,11.013159561240421,25.640140795826667
0.10014809329877823,1.9739462072745868,3.5333800575972516,1.6790421689386115,2501.663768080647,151.20003101532768,164.28398871512908
0.10033320992225102,5.550907674201889,16.280117541838283,0.18730329185650677,2940.3855327128026,188.1230951449105,205.29352602101918
0.1005183265457238,3.5593831494664108,3.3487116605185108,0.45801210083945887,4054.991520720179,491.5253182959147,821.7681756302923
0.1007034431691966,5.694293007643561,0.762190056604782,0.8501947835102701,1604.359606585093,126.84157292900447,205.93795809863997
0.10088855979266939,2.458110010121374,3.563753355464375,0.8436896781287524,7671.710587033364,131.56254143789258,151.56931483927966
0.10107367641614218,3.072836901754824,29.677087027545372,1.1290865020749472,101.41731535230537,251.5570158521029,258.53939097574846
0.10125879303961496,1.2271406752317118,6.1022818034673625,1.3110484168216674,533.1760347026609,431.2160288018794,320.72685301587256
0.10144390966308775,0.5825381219173769,21.556127378698985,0.14809040106153554,585.0207704211311,246.24433021303363,146.9865561752089
0.10162902628656054,17.440145190386037,22.85440821066513,0.00010258369681559939,675.5984400448184,1.568454131623985,3.3612751123186273
0.10181414291003332,2.1466458195274827,0.6966921561049757,3.080273333782122,2059.8293701277466,82.24718884897094,66.92924731136428
0.10199925953350611,5.010458958509215,21.19905445899893,0.3879801949024119,7606.273772109915,125.519942151801,128.62355088127416
0.1021843761569789,1.0184971694115819,24.155235595712234,0.45885714836661845,5453.9866921744015,134.09019203578958,132.6768754655902
0.10236949278045168,6.862247933293429,1.645711387849466,0.2987686897992345,611.2997878790202,62.46684910508588,77.72557155838707
0.10255460940392448,3.139522027366226,17.349536231348036,0.5450401006411283,16784.613817014226,729.9345040289188,575.9650121030791
0.10273972602739727,0.4469170919308998,0.040180158522211816,0.02611849622376278,5484.498729445679,48.27953582766116,90.87205794783316
0.10292484265087005,3.4518623806540445,4.450261341126906,1.8140384328020662,557.2394882124643,154.94186820701697,142.84792082796116
0.10310995927434284,7.318553810624882,19.981849853439908,0.20872466159931502,5423.676109441801,55.09721951141035,24.775533091623043
0.10329507589781563,1.0168883959407924,10.118677520782645,1.2503354298768519,1275.7674449204017,365.810696924575,253.58180969273766
0.10348019252128841,1.7929696022517536,26.03161266336594,4.461916084747753,1147.8142745450182,429.7655040191852,233.78604856131298
0.1036653091447612,0.6301481582509102,39.558374551682654,1.9053811994605716,5457.291014101822,820.4714310035063,960.9686108278529
0.10385042576823399,20.557674507616394,29.125007695196,2.858774612384327,1194.8515304675284,661.9231570348448,511.7438676457108
0.10403554239170677,13.998994876659316,5.579644203824453,0.21019627174810263,1147.0882247989905,392.81404281325837,332.17359872503715
0.10422065901517957,17.779788520301565,34.9542668440075,0.9818517146247148,5705.793085960312,378.7439663217817,351.6240361197642
0.10440577563865236,13.409150536007918,10.772675541895035,0.0988765453206119,267.0892497701825,183.04240318840618,139.21747027015633
0.10459089226212515,2.9661093281036472,2.291109457085989,1.2901121709343673,616.5951861340839,186.89646789013742,262.051301370504
0.10477600888559793,5.154118922032502,29.611644440990023,1.6371515488467723,8398.25239078765,304.7011095469484,334.24453095074267
0.10496112550907072,8.056511700922167,24.021275417364755,0.32360107169116725,2129.2963317525328,252.00099964931093,144.93424979184402
0.1051462421325435,0.17579204781275462,4.845569585788593,1.8516495825537198,942.3514260005679,1.4061671504715534,15.629459232067216
0.10533135875601629,8.373218171216163,13.483594606699786,0.9187520354748199,397.74751173101924,43.115876746473155,22.56680833431428
0.10551647537948908,3.9013553014313835,8.651066190400645,1.5498620327735517,3174.0352371335025,314.34472747396217,222.03216477082302
0.10570159200296186,0.1848410541320548,15.09694440123787,0.38041904678603744,1917.638257101143,509.82211497804536,580.0506501420673
0.10588670862643466,6.598770358919755,10.403236071931182,0.30753279841994746,5000.287889501297,109.25191428539921,120.7202944157626
0.10607182524990745,0.4437804851204863,22.568506120948676,0.35461354794078676,7506.445831776105,18.17008697377534,0.2922302635580997
0.10625694187338024,8.02693053236436,7.684688737496644,1.4544979005722292,3576.820610840023,214.31598993195357,198.06444027390435
0.10644205849685302,4.307827801942099,39.23465950166201,0.5782261280068931,4081.2082884984407,87.45555955856699,132.9425208238693
0.10662717512032581,1.8458327759518474,24.293247524057957,0.4491668984765688,3267.8549221182802,273.5030820936483,154.13502727844156
0.1068122917437986,8.769579373335347,24.285967590755494,0.9758173689405443,4555.704791285228,137.9478683562407,98.687822650286
0.10699740836727138,0.15521268474343283,3.5748010567509394,1.7053646760709054,2568.8890013561486,204.52028264428034,297.2225697938363
0.10718252499074417,15.868223949547481,35.56762008966426,0.5383132565724643,1314.458845847451,213.45534204577672,400.8543581178067
0.10736764161421695,2.319029713141139,12.674187978316878,1.1315840184274264,13519.257531576579,591.925771149398,683.2071134458413
0.10755275823768976,5.023524557736898,19.00057656143488,2.1457957874778173,4083.7675502373913,465.2512217725068,618.5469741449656
0.10773787486116254,2.480402133932812,8.877270847264567,2.1287348302612,5886.87477214644,142.6719681153433,51.097679161435664
0.10792299148463533,5.564450058153247,0.0709292770213996,0.6320054464835331,3122.939813420782,49.99087087771033,28.207468615547448
0.10810810810810811,3.732820669312878,56.962301879697606,3.957331412452388,10497.888109075026,7.982616384418951,4.095478608330617
0.1082932247315809,2.2026910498777896,56.616078875939934,3.9237193256168212,146.09302209312446,312.1700448305154,141.77436281264653
0.10847834135505369,0.14211585254678225,6.127566784881701,1.6380061809537487,80.40570252556661,245.77099672004965,143.48418673974098
0.10866345797852647,20.63345010688508,1.8757846855197142,0.23234278736967595,9308.995476299804,29.739958349579762,13.170727920831272
0.10884857460199926,6.8930326126110195,0.5336636354413216,0.7339629592897458,612.8473861689615,347.59168502174543,407.3337175668748
0.10903369122547205,0.14859122122156315,9.484748380970833,0.07287642417498738,2184.7509664065237,325.01075536070573,157.2448959447881
0.10921880784894485,4.044148139601565,0.6713847919681979,2.548594362132689,6106.906474195065,191.23256401975368,291.97391650910515
0.10940392447241763,0.7343050853647254,9.039131081511439,2.626783057397721,271.0077251210429,734.1113821718196,557.595216187706
0.10958904109589042,0.09461944882516178,36.248917643380594,0.12504968008008038,11077.699571564703,775.3672262220186,765.3853154933406
0.1097741577193632,22.012622052737317,12.521736821466016,1.4425440914706955,4541.493919121421,855.8201391407742,1079.0839155111414
0.10995927434283599,5.976185307221471,45.186705765764835,1.7115650672447142,3649.3507121480407,194.2886697398123,136.1347411310909
0.11014439096630878,3.4537103798182867,28.369506110933926,0.17339649833855034,322.68474029693476,613.6941288028872,536.1118255756553
0.11032950758978156,8.503691703425694,1.9876447727404432,2.4925538283123077,6201.163008655922,97.04077771216646,109.94746261106694
0.11051462421325435,1.317392118317505,90.03908028845112,1.5479499591113643,4670.519654718385,262.51096799060514,157.1621851886975
0.11069974083672714,4.392569127181268,37.9967811533661,0.10455128253567011,979.5466329285106,52.703676105079445,18.993502419107603
0.11088485746019994,24.291086076785202,25.122638903793106,4.73506126035792,5007.817047392816,679.7720283086136,700.842384591939
0.11106997408367272,21.442419869075817,17.083872885917447,0.08588950687470007,1216.7009088859104,338.5575992130621,101.25086003290635
0.11125509070714551,21.560399418096605,22.943605320075243,0.20500499092099805,5145.296443110967,333.8939840166317,385.37544312916634
0.1114402073306183,19.835974755007104,2.888909721809696,0.5428666672399007,657.3757541332234,67.94553806134313,16.13318300565974
0.11162532395409108,3.2080586044189237,2.914913548969531,0.47532813504070104,6945.572930829941,6.294847813074218,10.944974154429572
0.11181044057756387,4.075530416011456,0.8238556940625094,0.6579232104509428,3903.6406433877623,123.31410249687629,58.601346073943645
0.11199555720103666,3.9029874074269206,86.70413441627747,4.524548809871123,5232.623879412927,27.809079731747108,17.636335515636805
0.11218067382450944,4.821917708314703,0.22442632365278375,3.9633606940222346,910.5405932659027,188.4578509814501,236.33874998017694
0.11236579044798223,6.743574937558875,32.208448702867166,0.08115967467176521,5413.555430185901,81.2644312640354,226.12842384733594
0.11255090707145501,1.325364666822171,21.296448237334733,6.276141008217002,7636.841485216982,56.628354978895665,162.93384507487195
0.11273602369492781,16.29178430056145,30.09008882169491,0.6805879247841174,3466.9761387892995,212.66608746057986,184.6215802973048
0.1129211403184006,10.62672843746203,12.58312080230267,0.3176787446553766,14978.339653380997,114.89285746416907,111.62529657557751
0.11310625694187339,2.494898419735259,4.705916608206693,5.702767171207009,286.23422456948265,13.574962334265445,48.52813662266317
0.11329137356534617,5.446525485549412,5.7350461498411525,0.9451292435833534,4389.756325022791,17.25000892815007,92.35777601251726
0.11347649018881896,4.583918266445683,33.89809871393012,0.7150063991425075,174.88975570482197,99.73093757892426,67.16975150022445
0.11366160681229175,3.557510119648917,19.512695796657614,4.007710033757264,1373.365965570255,30.519310640223228,40.4100335105399
0.11384672343576453,6.781410238134612,90.7849220896822,0.6460600945499831,251.83712576043104,216.5501230402721,138.1192695787178
0.11403184005923732,7.941137769846726,0.9983532106017597,1.7761353069337327,11966.960722352283,116.42254614962215,107.111732781563
0.1142169566827101,5.8988194793853665,37.15494763422949,0.3219418752813844,11367.235498403388,163.89855935634606,380.37668857797615
0.1144020733061829,3.018263542915561,2.114166293105765,0.25409368353233047,8656.734361199511,828.9171480670695,697.9100926483238
0.11458718992965569,2.79582583242607,19.920945125517697,0.1831639102878085,1393.6198368090747,450.3954148207893,549.8106933577533
0.11477230655312848,3.7179255857266558,21.731514169903672,0.45909152652485624,3625.4496314626194,1050.0191631171701,873.2175817525919
0.11495742317660126,2.0117548667489378,22.646000573552215,0.18572005879777626,1908.2002035452751,277.5238660921688,301.6484697342135
0.11514253980007405,7.835857555693875,0.6803098023619741,1.6124363221380047,4217.973021196253,419.5030639278031,199.64742792325805
0.11532765642354684,0.2517502526889897,1.846504695022912,1.7627997737812708,3947.830272543418,5.5547090864458175,5.736768426168451
0.11551277304701962,6.250954186547563,7.468640145565732,0.48451839571024746,8355.433182045808,136.60402159393783,438.15629650291714
0.11569788967049241,1.5028352448948943,6.5138217947435235,1.4613038253984745,3858.0685233989957,167.08620140422715,185.77259008897485
0.1158830062939652,4.300596792485945,22.89024990224602,0.7564406202605034,6053.5051589492095,46.57286172175374,161.58230829230237
0.116068122917438,0.26304608399637947,26.159601067789012,3.088653199979843,12115.963565453645,173.16524212868148,75.94099360058316
0.11625323954091078,4.104962169534994,41.07078686626542,2.3089470370444163,882.227681321636,186.94883846729073,97.57490492321948
0.11643835616438357,0.4593513617390943,0.19871213602586954,0.3392144928250681,22048.362457204243,284.8672122956621,270.0447370708036
0.11662347278785636,4.1354004306610745,21.66510787640394,0.6718732735397491,9446.078367550806,68.0728524580137,177.13915458620176
0.11680858941132914,4.607899290893047,7.929950952550382,0.18630524420066347,441.9409543775053,315.7600590229697,270.1037111416164
0.11699370603480193,5.937167564543452,15.63675979428966,0.6100943240324672,9381.262677897163,103.13061402705947,33.037743564325766
0.11717882265827471,5.199196448978637,15.27859299643158,0.17132182231328869,817.3643225532898,577.2853648384468,854.3017282729115
0.1173639392817475,3.3501059740442947,1.9376507244090209,0.510193976855325,9144.909793566016,252.55710780794382,540.2651989837891
0.11754905590522029,21.355151346881737,26.696379610273176,1.719445379797759,9733.493653933085,603.9504657375156,687.128889283976
0.11773417252869309,0.6637381798797009,4.0325864848455115,1.9910775272818573,11472.811989339514,309.1642294957073,217.02457172024722
0.11791928915216587,0.10750414002655716,0.18319561753881577,0.1425427204946756,4918.731712282176,134.53427594394225,198.67337611276957
0.11810440577563866,0.9459040484205127,12.471688928816546,0.19607947230364325,78.45424555985649,61.37587244196061,160.6912854428927
0.11828952239911145,17.717302729479,0.2373128467524145,0.07071658232660852,3107.2872251385143,60.736745125091055,29.32607671568005
0.11847463902258423,9.298664668343052,4.953383480144473,0.5210519000762031,3558.8403390330186,5.766115075326333,9.451401199747428
0.11865975564605702,0.6957372550471306,0.4008897228296016,0.1753664452347482,18.78171919808343,23.953510450330842,10.091473454141914
0.1188448722695298,0.18508713213870875,11.81378390596385,0.8282292088796035,2055.7632196894765,69.43680947029615,49.888170396464226
0.11902998889300259,8.114329245801072,11.648552904691217,0.8023438599583944,31.84462660507543,373.2805695684507,242.635528698703
0.11921510551647538,2.6919627993684268,29.939356223763,3.9633286394060616,8092.108691472849,268.67360431161916,258.3709867367074
0.11940022213994818,2.8972414575963765,14.48502533128324,0.3864510129071253,2409.2034821844263,15.660465398651366,3.1003145595669213
0.11958533876342096,5.024562370568837,7.33927671892072,3.8491487171774774,3566.0041162318234,26.97657615885321,97.4137311005668
0.11977045538689375,7.614003819882812,7.595190655225506,2.586844853516287,48.269802653973564,167.65924859539524,89.4356962858058
0.11995557201036654,1.7597833876835898,2.9112073732073855,3.3096947652892528,518.8364865303275,84.19174995634994,92.87307727422954
0.12014068863383932,3.186186635526686,9.085948271690802,5.376701052157178,2089.7762011950294,95.20844122955008,202.67908868491986
0.12032580525731211,0.8432483060965816,25.382982735097954,0.13712491606188962,4543.87430766025,236.3820716106748,252.05757150680316
0.1205109218807849,10.902090488252076,21.893655605457926,6.150583307564231,13200.152618771086,282.90808257172125,295.14164840393596
0.12069603850425768,0.1090382417133495,4.322355451551502,1.5329649464016417,4839.017253930713,67.61833852835099,84.6170171279637
0.12088115512773047,2.62286957461768,23.39425199298679,1.367756106630015,4545.879827962445,207.3742306077737,152.2889977286964
0.12106627175120327,6.187953456674525,18.556507440219583,0.935863577985312,16110.456958671866,244.23480501199398,245.07622304621898
0.12125138837467606,2.4699818232429323,15.1331099404866,1.8356251541786137,2747.783214103496,303.09971224430205,267.9295750035895
0.12143650499814884,3.6786885981329878,29.831762971699582,1.4576292434314142,1499.86684934245,24.289663194412622,22.583677029869648
0.12162162162162163,6.191547987441524,12.905366837995508,1.6965953342115065,943.3488110093017,0.09627226458734435,30.656118425958503
0.12180673824509441,2.8646440202178667,0.47710046489390495,0.09717764754708187,2676.033647531617,115.71116857633123,93.04867017929713
0.1219918548685672,18.838422770819243,23.13234024063268,1.868762546684553,6444.5193955051,99.84978475861918,85.00620687907332
0.12217697149203999,1.8683156765161426,18.200704491617667,2.9688098326014734,646.823559203525,28.612652592427484,32.44536119088723
0.12236208811551277,6.608314183285628,12.231313441025092,2.98798052661892,777.7329092337304,128.22497701103703,118.98627802701783
0.12254720473898556,5.425881810551347,31.53544965157084,0.38299362623519556,4308.630547495393,470.2211200299406,547.5519720857089
0.12273232136245836,6.105657192313524,52.50654891245657,1.1238437572275197,5293.139654294441,119.67556888135861,254.0877947671566
0.12291743798593115,6.810562908638136,7.401794349567058,1.0884036681664202,12187.466281526962,11.293927060477191,38.17915827047586
0.12310255460940393,0.5988292177761719,11.285297943016428,1.0913595894109562,7911.42645097728,117.87455464711714,176.93741660892636
0.12328767123287672,2.2377040809439337,3.5597313569719033,0.3860963656857885,3795.537022271633,36.12282624302051,23.464130330827132
0.1234727878563495,2.9579995358581006,7.485685209322752,0.09180386759551966,5523.982358039062,200.82469449367622,179.4402833564619
0.12365790447982229,1.052412128149428,13.042437242337456,1.2001760129641967,261.70914479501255,107.4349515451236,72.0431339380587
0.12384302110329508,0.6721559590150809,6.2474173405511735,2.6916767598917,5104.680113069092,355.17325535788353,191.43047165869248
0.12402813772676786,1.6574126848016821,9.928726456698302,2.8899446413420744,10523.963422559056,122.87274242458413,143.83371705631214
0.12421325435024065,1.0591265189975396,22.132710460034183,0.035296007554813415,4158.784580625152,444.9740560136505,406.1394883827945
0.12439837097371345,14.21134407725615,31.91009169465637,0.8736747990484786,4342.863202815932,18.070325604302013,71.04767443027347
0.12458348759718624,3.7288089257433126,77.69692749380887,0.887835396469141,11162.546636709678,59.74039171202775,83.14772509739495
0.12476860422065902,5.609993059675672,2.9011499303933173,0.018114699463886514,6153.976281015866,317.07923854513336,334.45039114321804
0.12495372084413181,8.076592591484404,41.40651460412288,2.862343859222901,301.0617840015712,363.6684961845231,465.1749992363131
0.1251388374676046,3.082238681439415,28.929539089244564,0.8946988416022261,490.98077887058565,137.47073167695163,160.90836786638667
0.12532395409107738,0.4313040118013326,12.17376002964079,0.3286883590775231,493.5524942001625,177.1257460299129,238.4976300564869
0.12550907071455017,1.695005014721648,37.02780958166363,1.352292033033541,1863.5217482902951,272.63467770593246,221.99109398090872
0.12569418733802296,7.187577699946606,3.75096753776065,0.8121115947834348,269.191707573497,12.550329978303775,17.989684327750663
0.12587930396149574,3.9013607186484105,13.959937183454938,0.472479707394782,19225.930166356742,114.33496222053456,26.759069158587653
0.12606442058496853,4.966344923457582,42.15387930995402,2.534459508154892,3186.2310231477427,108.26430668769329,50.61917718580966
0.12624953720844131,2.6256823250329524,1.6234618184684027,0.35873487752730027,8977.42987000013,127.32838575689256,74.19067498989872
0.1264346538319141,2.6651453885056235,15.427890424349581,0.8890636761358153,4142.124839029875,3.537306920908725,29.343999075399736
0.1266197704553869,5.046829201432053,21.30612466879862,0.3031976595752559,3379.6020528970444,171.03632638834804,114.64084445566769
0.12680488707885967,12.221922012835641,45.86095806155378,0.02918789977159882,1323.0616781129938,74.7750191815504,33.367232589693245
0.1269900037023325,2.9068077523307223,16.534117727022295,0.6422982840268792,521.4898142465953,267.66403656762793,228.00503446615807
0.12717512032580527,1.100508720198593,8.027652313065449,1.3268422223866168,2265.8724417966964,162.02512177205773,94.01316477871607
0.12736023694927806,1.6909501395234496,34.420132713576905,1.4906113914480208,13664.716026220492,932.4420974795129,984.754369703235
0.12754535357275085,11.972558459472978,53.6532935909134,1.5219972717427535,3197.2556977455924,373.5087510880264,238.88808101738272
0.12773047019622363,1.00643684691211,36.500814246908675,4.030261343489176,4507.503383205995,692.1255647115353,728.5711783721468
0.12791558681969642,2.18076022758364,10.901350631425831,0.07447539726511407,38.727173731120395,112.65434906317596,113.71754602943317
0.1281007034431692,7.722989780159783,21.73388477904667,0.3115703335391219,5124.988322101467,58.2145584095362,92.81389394978997
0.128285820066642,3.03624962967613,6.57666517014896,2.776517135726301,6776.465449590464,191.10016478564742,163.9073736639271
0.12847093669011478,0.766196513129712,41.036646422512874,0.372430599944896,1679.0856931117664,77.93164374891627,10.046011564676588
0.12865605331358757,1.8762796868736058,18.69892848606645,0.2452199633279216,6697.380605840315,321.5435933987227,267.6836197346204
0.12884116993706035,7.247760686174051,25.346267772168744,2.628959893834082,955.6265728431265,63.18765464528405,51.038049706574284
0.12902628656053314,1.5314099364346725,0.02757120735847785,0.42484010074043194,5619.332449793905,6.473730254730408,39.78410348518091
0.12921140318400592,4.222109816113197,3.3233914157712645,3.397169950260195,170.46577665129453,39.48190560792343,26.68280328624323
0.1293965198074787,0.9365129705605819,3.703189047009196,1.3473330134676873,441.49109640954936,110.2245572904561,143.40459191111904
0.1295816364309515,0.5177097365430127,18.972544250125637,0.36922663725562255,1099.7933169792823,3.868418606739066,16.342723438059668
0.12976675305442428,0.060751682000596684,27.514241426043647,4.167907403671217,238.55675096530857,51.901177501680564,63.37467015139732
0.12995186967789707,0.5224994283803809,0.4674230551528575,4.9392301253897095,10212.099484234875,9.521069275919935,25.44222870671177
0.13013698630136986,10.327696324566773,7.249038896719936,0.11270354310145611,1317.4859810267524,310.3888830161062,391.34346648636784
0.13032210292484264,2.363741329612575,8.283237345164597,0.28377533199700505,45.263032275347136,62.60951978492217,21.445372902508264
0.13050721954831546,1.7788058577173587,3.47759657136343,4.745400003563702,6261.49739640842,23.622061597038904,5.453513507392813
0.13069233617178824,2.4759992457075324,8.714373969959064,0.0610878305755922,411.8562529052093,413.23524490770285,398.774767619729
0.13087745279526103,3.8456607546247947,2.1623533508954984,3.6148419383290507,9084.061401789619,422.7413785885846,440.66814936874675
0.13106256941873382,1.5481771526725467,0.5144778085626903,0.6206544706883338,2901.4344495557725,79.84041309507519,139.79584252524978
0.1312476860422066,0.2420499149649722,37.15851228960262,0.1298058726557013,10246.861860457275,12.644020284085736,4.533940280348487
0.1314328026656794,0.8997977622848711,52.59377432624935,1.2804722249523628,5500.194425552099,10.093857633154848,2.8733178669992583
0.13161791928915217,4.707137458953384,3.5311841221268807,2.5445189550045244,3939.5377050978495,23.020756865995956,40.23819162958129
0.13180303591262496,3.1558425146779956,10.847372735329772,1.2549206814713763,1206.6366140200266,89.36344174732804,83.3932026850179
0.13198815253609775,1.4460458803841174,0.5091061189787549,0.4810032448272545,183.82334810042107,81.61954979313775,107.3259375510749
0.13217326915957053,7.263895735379386,13.096998551092547,1.285378603549473,7070.365444071089,1.679937213401439,5.296269738867518
0.13235838578304332,4.0832387778855,19.19040728252556,0.7860218879605702,4626.131996886556,444.99611188759167,268.6996717697066
0.1325435024065161,5.701307837194571,1.1300049104278724,5.111790994626215,4195.133792064129,74.46403651009774,101.431839878853
0.1327286190299889,0.4194966745710857,32.13388608143446,0.6426416947785473,14798.078720537751,108.18419261604917,155.07909956833072
0.13291373565346168,4.088809872367483,14.0065694346528,0.6273688028759563,5624.32793611284,17.53578207603001,41.240574387154574
0.13309885227693447,1.171580819945457,31.693112424225873,1.6125207898166734,2370.7452730680147,27.99673779586438,33.71664217823333
0.13328396890040725,0.0560081772979406,13.46282888205187,0.6466180067717529,1304.7999852634366,54.429504517918886,73.76057324369113
0.13346908552388004,1.5898034362013147,30.020960287454933,0.8416031381399143,649.0604241193743,441.45583344105285,170.5323747463981
0.13365420214735282,1.4001605458687156,11.66278474096837,0.02851491245050833,258.5206223866346,227.78179213815974,222.03736867505182
0.13383931877082564,3.7689226125267243,9.115115207445841,2.0923578930868887,2809.429667049232,64.58981581297776,41.960749434609866
0.13402443539429842,5.823685958798627,57.203200421413534,3.5935488943350373,11071.4611896144,27.424924806769194,63.634043427369036
0.1342095520177712,0.04549602900123502,2.975968970843001,0.2063375553666765,2501.890507412731,44.12538175939857,24.96730373216478
0.134394668641244,1.7352738396113105,4.851110614519152,2.814533667363367,326.02475522125525,415.3279796991174,252.0223581550376
0.13457978526471678,4.292184657976533,0.14104185580507297,0.06008498171239323,8506.395304143009,290.20948779468847,272.7060719114288
0.13476490188818957,4.254514452795092,32.10363804334179,1.607486367979985,1704.9256061269418,50.55623759463963,13.259139894187326
0.13495001851166236,2.117519881782442,43.482658337324814,0.4561106221318998,5230.451368559726,52.086535473321746,109.74014764872179
0.13513513513513514,12.036869229587644,107.18032324550477,0.8624765568899969,2856.701585956543,261.45773023321266,377.511964673677
0.13532025175860793,3.023648459317934,19.756591134046733,0.9309999440457196,10817.754903146351,110.79595509733736,28.446851229802267
0.13550536838208072,2.183740600411034,31.157048746718765,1.7795385144999611,263.01310718327153,299.45255444983013,426.2725652590268
0.1356904850055535,1.4458074428596017,73.68190298786047,1.4342216887691113,736.392744878962,257.7523801156475,202.19942154740238
0.1358756016290263,2.956952212386976,49.13047550184655,0.21253610866534303,6182.283946254297,41.932454349962654,99.04312495399795
0.13606071825249907,3.5423676726973357,10.887492687540341,0.464771418409841,3381.770928175832,94.6034783743889,5.450629839773614
0.13624583487597186,1.2813670785299731,14.053876737354535,3.406855567298456,5468.295546423073,261.7005975509997,293.10147608557304
0.13643095149944465,2.6779584190949692,35.929225700594735,2.9217485333580937,16651.855470971062,250.54391736740962,330.81928354246276
0.13661606812291743,0.285769061985093,6.334046671238806,0.08947472165796344,7157.770171405618,245.15766794659268,272.57009505103116
0.13680118474639022,2.528623026873633,8.582367631790213,0.2061268202733018,7512.516563472687,202.73726323463916,134.13903456790086
0.136986301369863,1.4362058358874206,42.8418928460457,0.8536911386725035,138.83358360310712,374.9870453979122,470.6988246738456
0.13717141799333582,9.76546620273847,41.83155612612671,0.9659296704084745,3019.038928306015,225.92159906322146,215.6124310040649
0.1373565346168086,2.36736558435155,29.230129453970125,0.22338145043042382,2031.193721211334,175.78563332298538,146.68663753062737
0.1375416512402814,4.360264327154438,15.300323961439112,3.806382878374931,9331.005664087636,327.05062392939567,133.8514955622667
0.13772676786375418,0.39465926247788086,50.81733497997715,0.10441683305256381,2303.165812494952,320.8248647746567,136.92340219124253
0.13791188448722697,5.818172316946191,17.272460847022874,3.5788456662769015,3537.9602787855374,537.2223971230151,536.228112895707
0.13809700111069975,0.4604308931830779,5.775134843299135,0.22687226128687607,2526.5805078584885,94.37858634575485,98.27358888890204
0.13828211773417254,5.288625313365263,14.233617089905477,0.6348134962767328,3410.8744107255447,307.6031391666972,207.4111009149404
0.13846723435764532,7.975238305793733,19.324547651514433,2.5819548368721983,1933.9910002238196,90.57956776628065,170.58684804770414
0.1386523509811181,5.491313186588083,8.610478239723186,1.048801801797488,336.81150983222494,389.32906742201857,445.251260289545
0.1388374676045909,2.8854816610684892,11.917319063034201,1.4139751240404086,5158.690242395655,587.7582301475811,608.4311288273452
0.13902258422806368,2.1670703217778264,2.4518916487903986,0.5393812880458557,1328.0608020464067,364.61397962973217,327.03647478769295
0.13920770085153647,1.3394569080309546,24.365297014071988,0.036339681876518294,6735.709213291071,136.3388588870547,110.99820542584612
0.13939281747500926,1.5693712194842449,5.08891849041472,0.7380133612249782,3219.030831588108,53.81411529458244,100.46964069729172
0.13957793409848204,6.294245957288079,26.317112641036296,1.3887057272555126,16093.140752860361,157.58299586428595,235.21630828392793
0.13976305072195483,1.3782700748842758,45.15272339103003,0.19187600341419278,1037.7653726780097,83.83547426112811,66.59979864257828
0.13994816734542762,0.6032455045960896,1.6075402698407637,5.814139885021964,9134.943071739172,37.36707978388763,15.067243689772965
0.1401332839689004,0.36206742926487623,7.673760925730128,1.0271668986445808,15086.95492300075,47.804736925285994,76.25343585230921
0.1403184005923732,0.45864728661751114,26.351554855647514,2.8348404342665425,2443.4275547718994,127.7435005263447,95.44059536937199
0.140503517215846,0.006275169729773336,9.32312748557014,0.06354931910944563,2746.8343941954577,39.8639931780201,22.448716633163475
0.1406886338393188,1.2210302421045967,21.865568853274805,2.636085755826732,6695.797125605357,75.10121879359984,48.52964643573877
0.14087375046279157,2.1403679067948387,22.950847975013804,0.059424545787021735,7045.459910100954,98.27213147528559,136.05907640313842
0.14105886708626436,14.488516193548685,10.236581286947569,0.19451885492533996,6400.026176221238,128.8409302009989,115.48612608013784
0.14124398370973715,2.500674660477981,12.329390148335271,0.15887150304277853,634.27109442933,120.09660668806326,225.3134032700065
0.14142910033320993,5.034367395666294,31.651856190500048,0.700442994934767,466.0071050413897,105.87670187058792,46.52278816392371
0.14161421695668272,2.756528723061214,30.791365661188017,0.3740004004818671,714.6138603801445,53.93789322279461,114.85626864340759
0.1417993335801555,2.3133648691833235,15.96288324555862,0.8037134856645982,5984.1560460924065,339.369202508356,439.7447216298766
0.1419844502036283,5.013868117757998,3.6153373247306044,3.7620212636570325,5866.224927977411,218.15475163069556,433.1686722738651
0.14216956682710108,4.567681867914377,21.740925627153942,1.2803790096141676,13434.02389613311,637.9003561381581,576.1523600773021
0.14235468345057387,5.784811082766258,21.774645448243273,0.13687059841469373,1284.6958594100452,315.9320118587016,247.1687521943541
0.14253980007404665,7.910129762517416,33.363555626122384,0.5815632737310705,2620.5484101906054,162.46780570412895,161.51565452266092
0.14272491669751944,1.4780500520587039,14.403595592058815,8.48462758508577,3982.720312528816,71.99531516930641,142.14849875305515
0.14291003332099222,3.3540525833868053,10.131040951199745,0.9642179304227307,2059.2801968660974,73.63260278310679,31.572645473212656
0.143095149944465,0.23671808533799313,19.88190439999938,1.3658855426902807,5621.385168278863,71.37713837697966,54.23255029152047
0.1432802665679378,4.658554553181517,1.880751714215133,0.4169989123017309,5116.255729907062,194.13397569965932,288.63967770163976
0.14346538319141058,0.39440302700147895,34.802936176301685,1.5971344037116963,3540.6207875890836,4.87346116681066,2.505072042246247
0.14365049981488337,4.565936860971922,14.806813797362826,2.226821954250951,3667.2462866205333,42.772012302032586,11.492517301323216
0.14383561643835616,2.2951449874404526,6.591974873703963,1.1124294470359877,1273.4166068802513,364.04082381615376,241.09416217037506
0.14402073306182897,1.543386770276321,10.126727743011264,0.13057643679961822,3861.7534197901764,37.19840094066298,158.50029142771595
0.14420584968530176,12.458382279077266,36.93212222775594,4.815612379961519,9818.513025129554,42.50943170711138,119.97596568602275
0.14439096630877454,0.9441438093934297,8.841017151266378,5.612142731911843,615.4001803471837,462.29864881283174,556.4110723638717
0.14457608293224733,1.4123009085224625,23.155953841262026,0.03744297989686118,1299.2771715648528,307.60876222150034,265.4196555003523
0.14476119955572012,10.54482633168105,7.691135424389136,6.839630928954867,2946.1007395645593,65.65080220979556,55.28328168768254
0.1449463161791929,7.700542558197418,29.010434826054027,1.6136494911405461,3520.018168279281,15.809781385715267,130.36109006502565
0.1451314328026657,3.441724869843399,9.197399764625704,6.52972702201971,1626.1848128651102,105.72598640228856,67.2802463578952
0.14531654942613847,6.1920982817938555,41.89685637238076,3.3446551509712843,8747.415852370568,163.5511349499334,228.9604402518067
0.14550166604961126,3.447421361834151,3.0037937731267434,2.518597914866362,768.8555705794602,132.04173049325388,199.64366954346707
0.14568678267308405,5.283941801433416,15.431730680996667,0.5706033787350919,15361.96308360651,390.4257844052773,440.8318360048758
0.14587189929655683,5.2759529684684265,2.324084518603932,0.42442281834873036,335.3728865054764,211.13734580494034,244.5660543477344
0.14605701592002962,1.5456878020617586,88.11915542837292,1.77035129618922,3491.531219581698,206.6574854058269,146.755187985165
0.1462421325435024,6.956069766394963,4.8724957274739555,0.17540567576621316,489.6770074284212,11.931390743271,90.2696340674773
0.1464272491669752,0.637338622542215,15.875428020635129,1.3087592858363475,424.3780526734575,100.16204968662201,193.30328160843348
0.14661236579044798,0.8387837338280807,19.698340663059554,0.5251420914461402,1664.7153236825586,160.3818455441325,72.79482056607654
0.14679748241392077,1.3932559844723014,19.991212963922,0.4186829224707414,1918.8781521319863,69.56664118222983,127.82657479440185
0.14698259903739355,1.6100902432038142,32.87694042572735,5.913087454868095,5821.400199261219,0.38088923269863373,35.166169649868394
0.14716771566086634,0.11040240219065658,1.047268059218093,3.0785862257260788,15009.670766005043,189.4469642331216,363.3516492072134
0.14735283228433915,5.937733498707769,28.929108270997446,0.3878744803876518,5072.645724533147,120.32723165870695,251.91607627769338
0.14753794890781194,7.034638085760601,1.8071569720309053,0.4171514063914771,113.71287446058231,71.76503448194718,112.22085066456714
0.14772306553128473,9.243360045182966,2.7569625467782606,1.092010426051773,1247.7142890860716,74.89539274001763,60.490741387939586
0.1479081821547575,1.8331880227458792,47.766086356663564,0.24892055257018833,5013.707938293863,59.5043312405238,11.96442317321352
0.1480932987782303,2.7592662646009334,46.702624036411095,0.14926101858489177,555.4485131243694,17.306011706228308,25.99547984308936
0.14827841540170308,0.9348003187468523,17.703325839592058,0.8676230719943767,6283.325102688892,57.129523470691886,31.591674156070486
0.14846353202517587,3.4087858051058793,1.7111219286095158,1.906056807303569,7606.872598274457,129.01940601642409,87.08386807206583
0.14864864864864866,5.310062929149958,7.9789250352358225,0.21413466643238951,6963.519738038714,235.82451546410437,260.866628569364
0.14883376527212144,3.1750091105334524,3.3933671717578644,3.2323033895976194,1636.7347097807042,171.79338613200008,40.137896054440624
0.14901888189559423,10.67984661763729,10.571324878372494,6.240812589224938,8712.837090415544,165.38350854833953,282.17013589819504
0.14920399851906702,0.41880895503894744,26.290538434542317,0.06929769775231644,3297.7769200515913,469.5957788031203,417.7890699425209
0.1493891151425398,6.342448325604246,8.998581471827661,5.9581221611527315,4425.733110047301,156.3716127522519,161.51267830721633
0.1495742317660126,6.1126835631374385,5.6147589943858645,1.4646979911881728,3637.99953960699,116.38920302920363,29.47976717966159
0.14975934838948537,1.9124547042609226,3.1386539626439536,0.2869654954746818,5398.560509409177,100.44297752799446,51.99031780024871
0.14994446501295816,6.02137815467247,23.796671394443052,8.06182243299373,1366.1090434189919,79.9704077290758,68.00212883292328
0.15012958163643095,1.246094603440937,9.506652734820037,5.6598485911772505,4906.014682067817,81.6580823563691,97.90326255567945
0.15031469825990373,3.156316367446009,25.115706357521933,0.2453677784643628,130.91805139685783,0.04235222541947239,5.404505503182234
0.15049981488337652,5.904135465545163,17.76585824910706,0.7045250140214668,1615.0898185330161,246.6641374997492,59.89551292028506
0.15068493150684933,0.2721880809786051,18.89560951675651,5.595622706292653,5796.744477110071,439.4053080141043,292.39197814990405
0.15087004813032212,2.309026826252101,1.4777307809424682,1.3196418387676887,6839.606954999279,329.39236441885504,358.6351403774311
0.1510551647537949,2.3894826042074335,5.963530514679872,0.9618634005307323,1232.3502291883278,175.2026631535341,168.52176267229797
0.1512402813772677,0.919983682887743,3.75990204137462,0.9673058753120454,7278.127144130254,113.78352819771128,241.04138359403737
0.15142539800074048,9.960516728703974,5.5743276023033,0.07019669897854748,6070.99248981072,45.94562554328705,59.25445380935049
0.15161051462421327,2.5869965956120753,20.814464025652896,0.23468333562859553,262.7325879985958,81.60518552827988,63.76907586952466
0.15179563124768605,1.2612398151464481,30.830696863801673,2.553707890809951,1627.538416037353,239.01568820195254,295.6644121792837
0.15198074787115884,1.7234166742229022,2.5525949617556,2.4590079939331146,374.608518470058,156.0450714210794,191.01341844331932
0.15216586449463163,2.974219008013566,7.221185144732461,4.434100669188586,1190.1335309742199,32.886577020649916,27.886108055875678
0.1523509811181044,6.700154309737184,2.7202040761920827,0.5879795646282847,942.0166135285008,14.564196895092657,76.1300509467554
0.1525360977415772,0.8585110020498309,3.997766367776961,0.11287913032358576,1101.3518772067857,61.79713704607314,52.614470727612385
0.15272121436504998,4.218402210547203,43.83811149385032,0.3982611396122849,7790.610815010432,464.1606909251424,323.95236132617646
0.15290633098852277,0.38893048040835354,3.2459780504645126,2.5320942252505327,6209.431932907368,2.0673686793145327,6.317115668706766
0.15309144761199556,1.2393412881072394,41.67847340937783,2.872862735229564,6387.882939840196,246.8532467883695,273.00516092873016
0.15327656423546834,3.5605431673805605,11.049895886216776,1.4230625801972,3912.5328986782642,132.93637737360118,109.8150418486529
0.15346168085894113,0.21825477860626066,2.701660465246088,0.04179202109826569,4775.472558065585,167.93830313144232,78.77791751950068
0.15364679748241392,6.658855843170787,1.673102477061111,2.286656634424508,331.3351191291689,213.18733441964127,130.34623232879653
0.1538319141058867,1.5524537199084325,0.42778029652591665,1.8968122708234747,3702.6543835547945,122.36805617720513,214.03399165441172
0.15401703072935952,1.011324655237382,3.4316914749913523,0.7504374546071574,1271.0803743968813,315.73958546486335,269.84918799861487
0.1542021473528323,8.427678227195116,12.590453352615482,1.4271207334645775,3520.1315780586638,87.31475973216868,53.238997381677926
0.1543872639763051,0.17185353194975786,5.139895106778488,1.5217507039429081,4759.969778284851,20.855287393559472,39.42312539285077
0.15457238059977788,1.0849789455190997,9.90925647563561,5.05981617765201,2203.0144532324557,24.18166636946501,44.44162750197183
0.15475749722325066,2.8658588064849777,4.274941003863259,1.7367584982447617,1999.6447131040634,54.91891600852689,71.79786641049034
0.15494261384672345,0.4583723634300526,8.356721733412185,1.3085295452589811,4018.1393174876985,49.90137394857833,50.996307266543376
0.15512773047019623,0.9181348950843051,31.041442776935423,8.056725555404423,334.4224840094899,79.85473919840253,19.903329385135542
0.15531284709366902,6.252360082339277,18.4066922908718,5.801860138306321,5927.408999744426,62.498282607461135,81.4128362443559
0.1554979637171418,0.04926192909294636,9.265628981304506,6.411426262753889,1009.3793782506928,62.55166625897566,127.0019683668519
0.1556830803406146,2.497982869718082,21.626263757136407,1.3657653511919357,525.3662696090202,61.264973030324086,36.48704046253243
0.15586819696408738,5.016712547100474,18.62072671803086,0.1026505445134666,1761.316563908154,358.12030131877606,287.9326709092394
0.15605331358756017,3.945933717507221,23.02472403652571,0.6879614326303295,354.91764322134725,327.2035239129462,482.74811625341584
0.15623843021103295,0.9960873765738881,2.4464962930581278,0.4750862796125748,4373.899437214817,191.25460532453695,221.56567973457774
0.15642354683450574,3.47387613061826,5.944496382544182,0.9031906019304117,3787.0509266713975,62.04609153479635,80.98418123569728
0.15660866345797853,1.8485611854333799,0.4796966283658899,11.035162442544294,1659.7655559134403,39.049553871487724,82.46583196702382
0.1567937800814513,9.24508261580407,1.3891515995195431,2.8130915852005134,503.9136452072998,12.379051548322773,12.806627690004461
0.1569788967049241,2.4173946267602067,13.094477863088253,1.5231606476015789,1275.1489544680142,248.51755445807288,121.34285660343858
0.15716401332839688,2.340830614433192,14.543578047396128,2.3339137914310344,5895.288575780962,253.3862436791787,234.02042057551833
0.15734912995186967,4.041968099024788,5.317249394561684,0.3064976216543485,1879.6999191086718,105.42320933445369,103.16615438978577
0.15753424657534248,3.706641522819995,40.15858442908727,0.488937357492257,2450.0537090320786,107.6562752291999,137.79206108047612
0.15771936319881527,0.21941897985616743,5.452581946180468,2.764993033210204,2193.8292668172735,288.7592987574,428.3155382378821
0.15790447982228806,4.079610660872692,1.0795659403806488,0.1135740855393912,596.2176218939464,150.43978390030475,439.4369688185857
0.15808959644576084,2.4601402561462464,7.77562215269457,0.3816146056144304,552.7188451251357,89.14336667136521,174.63440490634866
0.15827471306923363,13.89769379352262,9.820247381760929,1.493325857450122,506.5582067772408,24.18354685282348,34.06545375304753
0.15845982969270642,0.16067384675428004,18.29937126268521,1.657870398818919,1292.7691415190893,177.52466098116187,128.31677634860512
0.1586449463161792,3.221903127438307,17.536402763231735,0.3260206988541804,14430.784240139727,205.9039609697344,466.3675056027101
0.158830062939652,2.0261988018548016,4.8169103630175405,0.7354555941183376,2385.801403179835,277.7052672084374,141.9613337009588
0.15901517956312478,7.657995991745408,1.936619826708937,1.7470410762979882,4878.303514399587,5.971500848677961,21.623622654196847
0.15920029618659756,19.239616425196264,8.03359731817004,1.26780088826505,295.9668817261244,176.03755064783124,293.41191326091473
0.15938541281007035,0.33473132535066497,29.658723978899662,3.230628016007087,871.9008349014199,617.1012005022768,459.19933422423424
0.15957052943354313,7.016727484123907,7.15372235752783,3.867963660494826,622.3388315012454,439.4255117426492,505.8486632035626
0.15975564605701592,1.5195287509495332,11.827245031869177,4.088998567122648,2883.402758718872,124.65036850300632,84.99768904890249
0.1599407626804887,0.10276586918074364,16.465751193164163,0.8199181392961455,5835.755479119025,106.29953593067107,243.73001704568216
0.1601258793039615,0.14963974852092352,24.546104193682122,0.13757984689893782,4297.26582914077,18.809263477473998,22.3397890536557
0.16031099592743428,1.0158221674886527,24.17015793674896,1.4236046389473218,690.0437732368929,140.29895543899642,159.11821432755283
0.16049611255090707,0.10726627158965252,3.346181455643978,0.4092699254163001,10245.88940994858,292.13329538516217,477.5392532772824
0.16068122917437985,0.8983841537927689,9.135393765480217,0.02409020301442561,2021.1829395268562,123.00624068683258,66.54218932728733
0.16086634579785267,0.7384320536936805,8.094285813456297,2.9584244171438328,9.112665095571378,88.16496302124702,83.82961274855859
0.16105146242132545,0.028210729861502217,4.37093937586771,0.9366992871431925,1969.5375953727375,33.56682474741139,24.652324384917318
0.16123657904479824,3.0636385190673368,14.52799668016778,0.22620885432718701,1855.2922661210869,189.67230034657214,167.14727231218245
0.16142169566827103,0.6531005122040839,11.08586562795957,0.43117395467658576,10119.47186546364,78.5581836760262,0.6024357216035716
0.1616068122917438,3.514119985767865,45.13407468835562,0.6349820082102422,3301.457148085038,54.74538958715029,109.87234083712063
0.1617919289152166,0.3291622139196402,0.09690994883040548,0.8345176042599884,2102.567008809642,109.12104049224656,150.0927413565199
0.16197704553868938,0.10446486811221212,3.7013728287851473,0.042197367262247806,7457.38448423557,8.434644259072408,31.662485024453797
0.16216216216216217,2.92732225839909,10.070380631143502,5.340187785341518,1886.2131606095897,4.835725352089306,21.020043009300675
0.16234727878563496,0.6056871571613965,7.910871554433317,1.8407747079125498,861.9886974683553,24.850826093815552,153.71679807699297
0.16253239540910774,0.8136007107862229,16.9516933349673,2.4079461596832052,4375.347533895549,164.3742420942791,283.4693793754155
0.16271751203258053,1.7909146846089403,48.45071768853244,0.2323725253782622,722.9469132762624,229.62540611136376,234.74856582849176
0.16290262865605332,0.6565135379089475,5.438618368119396,0.9726817882525681,4321.4021388991505,55.318192619494475,138.8711565087729
0.1630877452795261,0.4785057668547826,21.932228936745638,0.06459949565617447,465.2760626458383,61.016312961262734,108.72138111219314
0.1632728619029989,8.14529575669283,9.321517996561115,2.085456379622897,9388.951346076323,21.0883582475301,48.38093398172274
0.16345797852647168,1.4155487500364392,9.28605400103924,1.6804143972304422,1395.0562237593685,145.41889343745837,169.8228063416617
0.16364309514994446,1.9643050366657056,12.636037061778897,3.153665098992118,3414.486997904121,248.59716700576044,259.209550263818
0.16382821177341725,0.2926408496482346,10.399203175674872,4.985971544218157,4333.393237422241,190.88753368581612,144.02365210573672
0.16401332839689003,5.303855816839647,32.49039719870716,4.425138104223015,1904.1063854946494,415.98190387423426,389.5963886006134
0.16419844502036285,2.2099471631287178,14.893940494026369,2.281024522452792,14254.21441422748,1097.5369157253117,884.3846389961568
0.16438356164383564,7.0213530534659485,17.056554028585012,8.14645991774331,329.7981861896414,126.27636923855012,80.8963159162856
0.16456867826730842,6.612401170272228,5.302255070014841,0.879652236401916,5058.354189760398,229.5615802259462,198.20638215536647
0.1647537948907812,0.4089481907250848,19.760380563339627,2.438028915958525,3003.6649605497028,302.383155446179,198.93636672862726
0.164938911514254,0.6602083461481875,31.484017248501814,0.8665952937326267,2469.522993186835,257.7897372861629,192.65117957335485
0.16512402813772678,3.389138980888783,3.783218793683405,2.767870810999914,3854.5040076581786,350.1911127712799,704.4640978165124
0.16530914476119957,1.621537065554155,5.009337888376056,0.11119560689823424,867.3996859639927,24.614143764830466,148.83262420381388
0.16549426138467235,2.586080752373191,0.8557967689399975,5.918996335611314,116.01559913337724,196.58694739826433,377.8060954334994
0.16567937800814514,3.9046877572984964,11.309959667438022,0.08232014218286092,5241.253288788826,210.58315581472397,189.45076374782664
0.16586449463161793,0.9494292230033773,3.4966471282851543,0.4746467897863677,127.1895690508131,350.160741919518,320.94310070284956
0.1660496112550907,4.391201462747712,0.3451463243706992,2.5835295944929046,9350.472959143135,249.91106149247344,152.57524972096994
0.1662347278785635,0.00517006234332873,14.629337261700945,0.3655293596839404,1028.6904881220241,40.53520550109514,112.29264362903251
0.16641984450203628,2.925152835684404,2.383953510434821,0.25515711330951263,3235.5235130225783,291.306967489988,340.52403685160937
0.16660496112550907,0.1268966316564564,5.471050572303318,3.160468478800901,2761.703877354562,517.184994360378,527.5898390059648
0.16679007774898186,5.80762632817599,23.041455765374742,4.122900507990148,365.18105264896764,10.129246620800398,19.11757526390987
0.16697519437245464,0.8848969847398714,7.282916353340369,0.8142914161043586,6896.399123040873,28.048377813199345,36.60106373219717
0.16716031099592743,7.26563058274077,29.724112588893917,1.8925409533936342,5607.897298797772,10.377928155628988,15.579039966027308
0.16734542761940022,9.491322394604458,24.545490696545475,0.6011872116065804,2345.9534060679734,612.9244078185222,440.68273441694595
0.167530544242873,0.43153641769355705,9.296603224938078,2.255696191426693,9626.09453328558,69.06788630604431,59.431768173979656
0.16771566086634582,0.21541399892470803,23.06360556547611,0.5171076895959585,90.06779864787556,405.51602274737496,406.08074694095393
0.1679007774898186,14.658369379314964,5.722213204211102,1.6810552824434666,1653.3909284772922,1.378472544280078,15.292011205407674
0.1680858941132914,0.06659008925286723,7.982524031495156,0.2689022334305097,2344.6302522990545,35.326241562387835,19.301483885778733
0.16827101073676418,0.010020188397994014,28.42790117350198,0.4840209138517563,4429.289845143439,74.01803188485201,158.880446694698
0.16845612736023696,4.103585555065429,17.807793702393017,2.6663995609596953,5816.782599426269,135.2552164569217,162.56085943016882
0.16864124398370975,2.4605038703723787,12.126655431597017,1.2504089595853958,3602.498630575246,211.46004340589874,97.05682276917315
0.16882636060718254,3.6912084334424717,21.11387685339162,4.80598905985938,3306.8595003510072,23.81000026271097,7.323257844265643
0.16901147723065532,0.2736616433889339,16.58961888552026,0.8315201807514763,4439.866739475574,76.83511822270015,75.46752907322379
0.1691965938541281,1.6294139554052243,5.105318909121404,1.4259249965992415,3270.769658870826,220.90891602860708,242.38465780886082
0.1693817104776009,0.4204233655556797,5.01257887073959,1.6426894362268043,1738.5278071920484,93.46522946922843,49.25784685988704
0.16956682710107368,2.5682724601331994,6.9463941697778155,1.6689496146381286,5442.8534388643475,257.40367394686996,161.36438393249833
0.16975194372454647,1.178212415290225,93.37860550012036,0.745112824356654,577.6864302007416,0.894512763826365,19.527621108205974
0.16993706034801925,1.121927249938519,3.392743440645473,4.049919822328835,151.732055650085,21.00848713217526,12.938715739401971
0.17012217697149204,3.8196278646661463,2.041392301866632,2.4461557809440335,6727.940778828633,159.16355576692575,115.52813347350661
0.17030729359496483,0.2298296143558023,29.120116160377925,0.43072590289250645,331.80840343979037,34.53153004979175,5.951524570980524
0.1704924102184376,6.567479974975489,18.0878827127742,0.10285227701387101,78.82679058516207,9.157685689473851,15.897846525493652
0.1706775268419104,0.6648830501830526,4.179285148861458,0.46594315340310744,554.7843524876689,121.73137341503356,107.67759397142068
0.17086264346538318,1.0062904463004083,8.583270275782377,2.9974181565974654,179.9620342975421,132.87455099342566,287.5115137241989
0.171047760088856,6.558684699305226,6.55444763405447,0.6815410463734725,3854.718194570379,219.53015913715745,360.7681447653237
0.17123287671232879,0.8459377095784331,16.42431519017246,4.815152537836373,4611.433286019162,222.0297410076182,275.38457184065487
0.17141799333580157,3.5943836751270735,4.732095388950284,4.156194156491046,3489.511996708247,119.23362879704679,240.84014579795337
0.17160310995927436,1.07235530441682,7.4830719580830305,1.64618553439595,3712.888574906348,223.34749918001782,177.44365299209764
0.17178822658274714,6.820265938597628,19.13969504861179,2.20519709732067,5380.225752741851,488.44231029487395,274.06732672441194
0.17197334320621993,4.342029360378101,79.85829864355226,0.5964406953290143,1274.31874054728,535.5377854388512,416.6951997393177
0.17215845982969272,12.22919113401711,0.953009383480945,0.4338506460687074,5977.878598440098,178.33011044473164,217.7396884549663
0.1723435764531655,2.03972788062561,3.2722749275048657,7.3835996541684485,3184.1461940475474,128.32948745285995,214.70965529331093
0.1725286930766383,3.0297075064674703,3.786571666876878,1.7077611095189136,2457.414081121099,199.8647483045519,251.28787711771133
0.17271380970011108,3.794396355915114,12.96207462746478,1.8690477982480038,174.02144773796024,414.4115771850056,241.01325919876356
0.17289892632358386,3.459668626815639,7.51885884312356,0.18840662092387403,3598.344993307569,65.89518935755682,108.43995119129814
0.17308404294705665,13.489227403805423,40.98123270631373,1.7261557433608634,1438.9227689682448,205.97365334138857,342.27217148736736
0.17326915957052944,3.4930555862791963,8.891183854420385,3.919053334884134,769.180455196173,173.36199788422743,159.13569957230413
0.17345427619400222,4.305338708961516,4.011668422336323,2.837232857651468,4486.882591703985,177.33928862517766,79.84745205945568
0.173639392817475,2.0741358301616706,9.591393987122899,6.580774282397287,1727.2560827966106,86.33101588392138,30.12142761744211
0.1738245094409478,0.29337288242286885,0.9212648842619798,2.6519177446528213,1911.2870166081298,198.14148055534542,289.5967070066043
0.17400962606442058,0.830134864568151,3.7914582406642277,0.016352641993952338,3247.0636268698518,180.3860944964269,53.37625787738189
0.17419474268789337,0.6549490077915234,2.7636622909248305,6.038609203292298,1768.9673936435659,112.96465133353784,125.56687282984349
0.17437985931136618,2.7769428256754582,16.020284245884337,0.17217136452953777,4147.178153851452,58.01774959926248,22.512322705793398
0.17456497593483897,3.0466628399271873,34.165233519268845,1.3641489029120721,1683.6362255936633,68.58119748437656,121.98741613307028
0.17475009255831175,0.6403862987111907,9.106814034750167,3.719405779826814,4908.349679526483,128.5115652537939,92.0319828375071
0.17493520918178454,3.0127762950467853,5.941959427084223,0.3020782919059916,501.7390323676887,37.95279107002379,104.3776234004154
0.17512032580525733,8.405994323785169,12.972019777273323,2.890678312571441,5872.386472644438,354.90411776476265,197.35453174544386
0.1753054424287301,3.487770657125836,18.137000516930915,0.6451263408858642,5882.418806040361,29.745910193683,58.680787427111675
0.1754905590522029,0.29471125662387937,0.6161526652482912,1.113353224628649,5288.9038804566835,342.4627317013219,476.19129225203073
0.17567567567567569,1.181104094663995,16.013011620258375,3.174333660513352,2084.037884168791,245.89308680224934,256.4374805018257
0.17586079229914847,11.046744620240405,22.530158373380594,1.1816103814043166,4799.183825607291,277.02829112481527,355.89673368217973
0.17604590892262126,4.952897133844116,15.21911442187806,0.18834924228528402,103.72036400866199,57.34212950344835,24.511523731661605
0.17623102554609404,6.794753732330623,32.2419596500669,1.3427634505779176,1089.3461291879923,349.3811663754517,582.5484879493958
0.17641614216956683,4.331439076221064,11.668337870275385,3.4669586050841916,7590.89594828888,202.97931899384196,344.0276743047797
0.17660125879303962,3.150467698405546,1.4312878056037854,0.3500622534184834,2743.015047291655,288.98137831295406,321.64996000663075
0.1767863754165124,2.5664293702231338,26.074568136765695,0.1037094537646814,2286.4137999290906,96.7698914095851,171.27222104337292
0.1769714920399852,1.9612398591891518,6.533142386613352,3.1797721805268417,2486.8123552696256,240.98258361863918,341.6553519878303
0.17715660866345798,1.1277757767386616,10.991775221715455,1.0757217259623277,5193.903962653508,730.6844662023053,670.0999997784495
0.17734172528693076,2.0603999252367804,17.956261026621398,4.385373697656076,5553.73413145682,380.5435747043895,445.90126689198877
0.17752684191040355,1.9630213895127497,1.7024591189145788,0.2555729781787704,1576.0669211377303,328.3263764527866,526.1044953769016
0.17771195853387634,0.021621774854951887,3.8268429945363653,0.6367748011980193,1719.8447710538992,135.95996257793172,135.81840040531145
0.17789707515734915,0.4149734327347021,0.29996327654758564,0.1129497665214776,3255.491023048174,762.7080412555111,756.1250559092407
0.17808219178082194,0.5115830666979142,0.15996878496524622,0.202876154985668,3934.216885144709,100.84559600752394,94.0087330785655
0.17826730840429472,8.672886510708006,42.558367841605346,1.4079955677475746,4318.800267679876,754.2091642588974,456.6223368822245
0.1784524250277675,3.2173892129764274,4.1653141320527,3.244481424968416,3735.560845891223,140.41285937332475,100.53109838992937
0.1786375416512403,5.600590828066261,1.7814926357213783,0.3286845052819125,1503.3090052549599,92.51949255444623,119.9785418356021
0.17882265827471308,2.3631388219289735,3.0651922492031565,2.089977711232559,403.98625627873275,377.7832786897319,475.27241974221505
0.17900777489818587,3.305036103584536,17.703362581215615,4.214170761978262,9471.017895407906,302.15412716964084,388.27416231426275
0.17919289152165865,5.9724835179160385,15.079513364021551,2.899058081577608,3384.8861572546207,130.54165103472448,163.84059475864348
0.17937800814513144,7.614098590743657,1.4259945768060887,0.2748417314166116,6033.707355197598,224.48969752742423,154.12443645290156
0.17956312476860423,0.28298683223885146,15.809727660194875,1.44102960916237,2045.517523547548,282.0678137703642,285.16815205845074
0.179748241392077,3.744167720879128,29.860061526820004,0.5944934493274295,9280.677240315486,1.9704369748512296,11.571233480936323
0.1799333580155498,4.758539595262441,19.674586430248397,0.5792467476924692,3282.0465072680868,93.33690633458569,110.84745219507866
0.18011847463902259,2.4165053911518215,16.68260806851558,0.7441271182574783,1857.8025295939024,77.27503215240212,38.59046280107291
0.18030359126249537,0.794353657825832,6.585285356506934,2.4881356951238702,2419.5987998920677,298.37459208918307,222.03364745816438
0.18048870788596816,7.3534241862032435,25.461510985188035,1.3040588929951105,359.0148866661762,64.40261737625264,112.20290659826944
0.18067382450944094,4.542178523155244,2.8880099903613363,2.770050711954329,236.5340849445645,19.82040671093511,59.56890041071566
0.18085894113291373,16.503309046116264,7.464485836075793,2.5435062201163636,4163.3017270334985,160.2689455169498,125.98874593418805
0.18104405775638652,0.7390776742770959,4.41298616377139,0.7498912751569914,4939.045233831357,66.79936328336737,280.4429709993548
0.18122917437985933,9.54682947139333,5.827812456201621,0.7454774405030136,7809.004752053152,5.896028637466623,41.80072087444353
0.18141429100333212,0.6584024785183572,9.324180917526336,0.7124166074844088,195.19973531947542,3.4365773245426774,7.497471712821309
0.1815994076268049,3.007721641087033,36.77644176679651,3.582151022614551,7031.475689825448,62.504604598147594,6.919995011196116
0.1817845242502777,6.984516508701704,5.799947359733599,1.8687193505914557,2214.9714075732013,183.93206014645583,70.78737543721503
0.18196964087375048,6.550709225110542,7.484271719137699,0.99208316360607,13170.044484981061,137.7857465623385,146.6420871039091
0.18215475749722326,0.4190776641716434,28.07377196016117,2.571472206366307,988.1488607392936,71.24719249284794,104.73508979967616
0.18233987412069605,9.207311229068893,14.67705565591456,1.25434890445536,423.3580612208857,75.63138945598493,244.02804714792939
0.18252499074416884,1.2872522464323282,21.19583398284675,1.6496884367463904,4553.281832202016,650.5898600100469,1060.618156099748
0.18271010736764162,0.6140052694114118,14.280281140816186,2.310797214437972,1115.8865634959618,141.09620967321507,206.28177258940332
0.1828952239911144,2.0366589776860917,4.280861238954941,1.2242088904657908,2898.8421097714436,445.52475186282845,332.8697872064339
0.1830803406145872,2.769293807650785,10.303508706866303,0.7297509648581804,4522.001923447847,72.55947525476974,42.1772014961669
0.18326545723805998,0.2937805680696768,6.057710592620025,0.37083632763982216,7915.7766192751,265.3084995155753,275.4453786216899
0.18345057386153277,2.971902069714843,0.08553979982006368,0.8602263262133034,5442.36573073835,303.4553695591905,259.6740434290545
0.18363569048500555,0.7031094420909916,20.853877006507595,0.28309096803688005,2751.7173286839593,165.08578554940365,182.45084796541084
0.18382080710847834,1.1648760285307789,14.280151542341873,1.1645519780352411,3112.787616510246,28.59444717885964,97.87693100303422
0.18400592373195113,3.3750858534695114,0.5345122308839525,0.433702218316837,282.80332432482413,594.722819950985,393.9843931271392
0.1841910403554239,2.445318996636184,4.820411654372186,0.5424500259702224,1308.6496691188306,55.27273050583812,19.008426356081447
0.1843761569788967,7.256756361193811,18.24978001055178,2.871876906955893,5383.775633255297,7.004496130173731,103.64455836452574
0.1845612736023695,10.085711743394326,5.6903517533626,7.414519046955277,995.7323294380412,62.27307420613345,118.42844397339195
0.1847463902258423,3.508205442294761,64.48348117803855,3.721443730689488,6555.293671352148,47.290120095414075,38.43473328006051
0.18493150684931509,2.176466518693092,0.8415425992049527,0.1151261719593709,4279.926833644732,259.53145973390207,480.9166807792962
0.18511662347278787,8.560015607727562,6.639762999339203,3.308619173748713,1651.9353144031718,260.57674115301376,362.8928380618401
0.18530174009626066,0.31740239313051194,10.031050030251448,3.7517118316347933,262.24090875615553,366.0129312713425,430.67639172364926
0.18548685671973345,0.00044085738201456875,25.18438105400704,0.29242026015728645,5738.895531237615,85.48803207462858,88.55697223704983
0.18567197334320623,3.870290889166503,11.456401720455078,0.8803642246728248,1978.541375790572,41.64666409850594,172.12197426691404
0.18585708996667902,0.38047751904157967,4.881148072327987,0.4180127263653809,5664.072488228303,14.775150595943876,15.540244359988241
0.1860422065901518,10.475700730583975,6.3563404755711534,1.8475078742209765,1845.4731704189765,221.26470343755557,200.66935757425867
0.1862273232136246,3.7761123215691508,8.082281635299596,1.1082026315720623,351.5022059185383,434.44240188584047,783.7362186147366
0.18641243983709738,15.427840803979777,35.192351158145634,0.06554147353162156,365.0527944622807,522.1842416461994,539.5982660342289
0.18659755646057016,4.661561840290547,6.963241204618679,0.8834219571724143,2369.393562758971,103.76797431292992,264.36695460603056
0.18678267308404295,2.0830251474744093,14.169752351677827,0.9959360542131526,1209.0882825197084,21.63530295525056,6.844678563248718
0.18696778970751574,1.339279525225103,42.83000006225481,2.1039243364572635,293.8598239664341,417.05980821552566,333.15502803730266
0.18715290633098852,1.3495179353558127,18.009241102052243,0.28325186210584613,10394.998879715464,78.41103390737695,128.15424402270887
0.1873380229544613,1.3275684374067511,0.3234230192478843,0.08031104320718188,1847.1164883655774,32.884273223863055,43.408345552762285
0.1875231395779341,4.962699558605244,11.12853602128283,0.25388432220108936,756.5168123234438,85.03925031043124,72.93225380357742
0.18770825620140688,3.1568301770426124,23.766876005230557,1.6315239805812851,4807.494789944791,607.7912530217569,489.62285240147673
0.1878933728248797,3.56034281182818,16.950987106260406,0.10475625958656383,6599.38217061664,124.24615594823553,227.71706017771228
0.18807848944835248,0.10467496234891867,4.369746672280848,0.6158021089338249,3659.796236508704,99.1042331807024,25.324808522056752
0.18826360607182527,0.10359360955377539,30.096024594496953,0.7885022739908188,3312.863165844019,482.56827028333595,448.2912658222471
0.18844872269529805,2.4363511073562494,6.706681298884235,1.051209139032245,1153.2068920366205,125.66871064283825,59.58055294389699
0.18863383931877084,3.3783966419420453,5.219803425492339,0.8255182854027072,1459.879801123757,96.98464754692687,35.82156188254769
0.18881895594224363,8.272148996293716,4.863584886001169,1.3747548800667486,5302.073035585733,79.2264467606491,156.38490305657132
0.1890040725657164,1.1710477288021777,5.127317683861649,1.5055423733577882,1489.5636324101592,423.0978233369946,460.0808559921426
0.1891891891891892,2.326133982391323,29.87980150410271,0.38964790416033757,1235.6824050121486,55.79572558381492,130.597799062281
0.18937430581266199,1.3996490102036612,15.110649229335754,10.573478433769813,2189.2705359152583,7.361413761379453,25.241544477474793
0.18955942243613477,0.8788837920413941,13.00219378521213,0.0322045939820603,1151.2011174549502,104.1553577194431,87.31021302892033
0.18974453905960756,0.441445867018783,20.28204674067236,3.4104443776948994,3534.536013593159,101.52598404064618,217.88164097995406
0.18992965568308035,1.2984626249968703,13.216323340994865,1.7083983870431758,4039.864538503126,47.69493751913202,45.45176452646312
0.19011477230655313,3.140223519780932,13.109510983527121,5.153221430265693,9415.192300326977,242.23755910094334,296.5204517317808
0.19029988893002592,0.3453731630927045,2.6536654213481854,1.5255602424759174,4395.34827796747,30.55335867436584,86.87974462973057
0.1904850055534987,12.304441162748507,30.2551548747765,3.866871985484357,2626.7441684788064,118.51752643401412,40.84372160963215
0.1906701221769715,2.0133045065395145,8.189915845269534,0.24234887427680804,796.350321354725,65.36908394284433,64.05391409090869
0.19085523880044428,3.4286767817409958,21.22880402456068,0.40072073679077197,2987.045200574156,62.72800404435923,92.19208949296869
0.19104035542391706,2.817984525950896,14.470885265326444,4.801376345561325,1261.1934200859082,91.37334208965159,95.66691903862917
0.19122547204738985,6.8389754398762825,10.109835395969318,0.42258864596679263,2906.6931819447173,102.44731458480565,145.65591708875027
0.19141058867086266,3.230358660834741,14.787948714615954,1.1868609306999538,9823.266256264396,272.70360807207544,136.48255864557666
0.19159570529433545,6.675241052837688,13.418612034852929,0.6630521218426452,537.4681614836106,244.44219449534913,173.7453047955114
0.19178082191780824,0.5467904378788332,23.723304283956477,3.0318630821491577,6509.955554097099,773.91001038531,651.4772599126244
0.19196593854128102,3.2073966427644502,19.84066616082249,1.4897799082481393,2159.251475036984,619.0224259958401,653.3640636411607
0.1921510551647538,1.9882729703153503,42.671042006116615,6.217159020811197,3878.57884242392,530.0346916519875,531.5295765008224
0.1923361717882266,3.097576898013607,0.4983404255204488,0.2194974516709268,7041.442925531498,321.5890243926959,302.8189318325717
0.19252128841169938,0.19490945335149845,7.631970874292149,2.238951329277224,437.07387679496054,34.42472571259803,25.831827079943263
0.19270640503517217,1.4691900567149643,1.690421646622839,3.0544545792978472,1536.7852011197817,2.4162484278051077,4.3608594058048125
0.19289152165864495,3.3980793255124,12.427796758792594,2.0999140139579597,6606.011077083515,354.38440285144105,296.6921074653549
0.19307663828211774,4.281124138337381,11.326638261618292,1.6234187981147403,5899.856347260454,208.992674299142,171.92858104017688
0.19326175490559053,2.1489617445780604,19.519947374732713,2.0391659836772495,6861.000677614761,205.1834777761223,144.59759016630616
0.1934468715290633,4.253801057761294,6.010352953490811,0.2754024719013772,36.70687261829248,26.09079880367943,14.418291722499765
0.1936319881525361,0.5621285566615373,23.76567556877973,0.06768681121445386,2036.1340940039215,42.61123890783856,104.6384240620502
0.19381710477600889,0.06005634453528558,16.265152995977168,1.0113607361504262,3612.073837996061,82.76904117502974,82.10026958848074
0.19400222139948167,1.4545688865923043,20.9751191774096,0.5202840455744762,1122.9486653046968,81.502030549575,32.102029682906384
0.19418733802295446,7.262837540449756,3.0505876746457674,1.1418571179446875,1459.94660151219,164.4539489203527,129.02989041507251
0.19437245464642725,3.2201129592796383,14.800262215943814,4.387271959417731,260.48872674218507,489.4256149878517,625.1212130946855
0.19455757126990003,4.094997598371622,4.719096393945534,2.138170870720391,5128.617233295338,204.18356914279187,164.94859887304705
0.19474268789337285,2.478451265705639,7.4585705165705205,2.100855242379375,3929.8778466350527,99.15662910197176,97.12033037311883
0.19492780451684563,2.0519288445006314,19.43491817705859,3.582849920706909,1840.6002092489211,136.14291027402652,207.79120486845653
0.19511292114031842,1.331153008676236,9.805553633326845,0.5227047610338875,24465.71380476959,55.941080318755944,171.59129391852682
0.1952980377637912,4.83505793945849,45.34602659092937,3.9744885981547484,3715.530432760789,415.52634664343105,391.886678467917
0.195483154387264,6.873225502653435,9.967719683982795,0.34797804298029533,1049.7623257578655,12.279347194885501,13.79185184310902
0.19566827101073678,0.4921430601179718,1.8233338011614837,1.534419506172047,5965.776330197412,83.28772861944469,70.4743724597584
0.19585338763420956,3.3335637824069977,0.03586016707635334,2.1057057328845037,1858.2904223291398,357.70431551155957,261.3769337109892
0.19603850425768235,0.6047974807117148,2.075588720974504,1.6081355162828386,3488.4738105736396,402.6544109193428,551.3426214304059
0.19622362088115514,1.8219149770883196,25.553424155420494,4.242569453578157,2459.536963412075,91.03120105569464,234.95667721793075
0.19640873750462792,2.5160663924802216,0.93731846487611,0.38239363167147444,2874.7348054259837,33.71215694547087,35.72703459333909
0.1965938541281007,1.21168185802612,5.161762348251047,1.5218183096335838,8456.020893279112,37.30225324429882,18.374397469942956
0.1967789707515735,6.8316192694255005,9.004955805159419,2.9593659032357076,580.0650378942163,415.1880566364621,486.2294352621515
0.19696408737504628,5.082730007916457,2.8398200110017053,4.9413484063549955,13319.818553409486,2.0835502297568427,58.541431512500786
0.19714920399851907,1.2683952962179825,8.231812159199007,6.0946303914679625,3084.6846418173636,5.971372165697893,50.16928320420184
0.19733432062199185,4.902741092274758,1.30263665346067,1.5529031252512626,2867.2572318474654,112.78938131925226,177.44392668428708
0.19751943724546464,3.5130291284707176,73.6208507588114,1.1514935794465961,839.029877026191,220.3187275439398,205.43037384588288
0.19770455386893743,1.5274682065677891,11.180406680512803,7.035604095509284,5257.990801667792,94.2385732413406,134.58477661023892
0.1978896704924102,2.760877614720005,2.085528673507842,0.4130754397655084,2870.7396242879227,69.76418436275141,123.61020172121415
0.19807478711588303,0.9793724675586385,0.39156359174227895,7.762937143346536,1572.3285147394065,323.2121600636624,419.7410770901326
0.19825990373935581,0.3145199489874915,13.070400655534348,0.03927534312052725,1844.4356674040835,45.23377812586628,5.220178493045741
0.1984450203628286,1.7767507201952744,9.290407501013956,1.0761061025828516,1151.456050233447,109.67232253081454,23.106672321821762
0.1986301369863014,3.3197791826275034,28.325610364311043,1.2248771091252708,531.3936232590961,17.175226930576773,37.6801981558155
0.19881525360977417,8.183296002618423,6.938102829603915,0.006753386326343806,1890.4576912769915,20.445967711739677,47.53227003357484
0.19900037023324696,5.259346433301538,9.821008192522278,3.286851480336789,138.01888858543518,384.39482613014997,171.42289209145147
0.19918548685671975,2.3830034131410036,1.343190569909983,0.479320487061164,4908.995166630057,395.7941165164239,183.56835237286438
0.19937060348019253,2.4318143206160543,1.9199199299914405,1.9934801355247382,2382.6577843816945,599.7089294004877,896.2690563455445
0.19955572010366532,4.102915788318356,24.433355329714804,3.187921686425575,6420.971946153814,17.459484415052295,20.037847772460673
0.1997408367271381,0.7448056445297316,12.673893977739073,0.9951990526664553,3110.004963044572,30.37272530195105,21.160665728467148
0.1999259533506109,0.7793245808065156,31.890254606253738,4.1282820935407,316.5046152750302,29.12453665162152,3.4468866092903205
0.20011106997408368,4.124742003235122,21.18940116897353,13.021396736508466,6085.762453068366,77.68458159717787,80.61399308772141
0.20029618659755646,0.5220395136858959,1.8357451153865771,5.850030075046443,4135.469124538651,295.23690215754465,329.7732802549769
0.20048130322102925,0.0025201776605004093,16.30791191072263,0.8172847655013485,608.4232277747757,129.8485448328027,55.38684068020094
0.20066641984450204,0.8868405081935476,21.43587490060445,4.181079935635541,9883.780438748474,180.0713612377529,355.113123437356
0.20085153646797482,2.1302760875549187,11.841135373826082,2.6975105747559263,5408.4683860248,217.31624756195316,279.5222147834598
0.2010366530914476,7.937712161219034,37.72263296810128,0.38564840013598706,7062.245718170606,3.592023988868725,2.4846480464453777
0.2012217697149204,3.2653630970608196,18.938311107841397,11.926466782624967,3993.6972547131368,69.68714511827156,92.12094873693428
0.2014068863383932,1.87085921077645,10.404538275899114,0.9641100611288106,5282.8296238338025,294.6049578641364,326.4088792540372
0.201592002961866,8.236267015700776,10.099312072776442,1.8404563053664464,2571.179504950818,220.53839873137946,265.7522566025718
0.20177711958533878,2.063762317262044,11.86354795312201,0.3402190298233118,219.6130524860523,511.2759054659242,528.5388090447924
0.20196223620881157,6.977564781165895,16.18965554353725,1.528069141755324,136.42335891225477,144.29790150770043,96.68840925837813
0.20214735283228435,0.7582530517316061,10.000755335060735,3.120912498327289,7998.047182423653,131.0836448857863,86.49060007728426
0.20233246945575714,1.9109073518089612,6.305622014843055,4.535373425627607,1121.0999419863542,27.050528170652715,8.518034510585586
0.20251758607922993,1.6496825828565618,15.31320397395814,2.9668265342419655,2806.013780209286,522.9369858021192,513.9692803152226
0.20270270270270271,0.756461771647225,15.493158821341128,2.9551576864966607,671.5640850206722,328.48719765509765,288.9234175423049
0.2028878193261755,10.195496961811552,5.405489277516678,3.8664795896014312,15523.184791184587,228.98679925515924,286.3150655324112
0.2030729359496483,5.468978507311033,7.168798097279916,1.7608623581444973,284.6546131622525,10.195427704344974,104.57779077888968
0.20325805257312107,1.1461237536397726,8.74795764780152,0.6626027660013742,1768.385547842178,400.6284444454091,627.5985617631826
0.20344316919659386,0.6723236976637085,27.989737682031738,4.424774974851889,946.0907660306,25.302379026851945,29.069561411486973
0.20362828582006665,0.7795966735710582,14.557295747757848,7.611225494512763,1895.999637012183,245.24643357293988,296.11312172471304
0.20381340244353943,0.09049269179855744,23.164595872435648,5.543483929005005,9397.258461925072,71.02340613411423,16.32113414192885
0.20399851906701222,8.302048841251377,11.914488388934508,2.529146471029182,2216.7039655560034,55.06243948610267,139.1180492807456
0.204183635690485,2.49373824501901,4.608527955627713,0.0255396092332234,1478.8785675226968,236.92280121113424,330.51103461156424
0.2043687523139578,5.406811176866172,3.4469333065804126,1.8611876697541059,1924.5214804634938,108.68919077905792,128.62240748162597
0.20455386893743058,2.9814193222033163,0.10041437402834975,0.8318985122077125,5089.415190324134,217.2847917560884,245.376088934695
0.20473898556090336,19.14895396239696,6.838346142445161,1.8062419615227703,3812.874836179416,120.36982128167719,122.05557864734823
0.20492410218437618,6.496532084170333,7.956583217319936,1.8390120978600994,5077.943957970488,66.33120126278693,139.46568893913098
0.20510921880784896,6.070351603478687,13.40179490656548,1.1642402745568945,174.2019382774831,148.36159987719597,100.55065499478386
0.20529433543132175,4.606892475300031,0.22690447528959354,0.08430487420616524,117.25946715043176,187.49769047045118,56.90978277297823
0.20547945205479454,0.8952382628075032,33.576266856728544,2.5920177631919725,5218.733053153329,566.448637065408,479.98793728552664
0.20566456867826732,3.1309988922329297,15.565911790815191,1.5358024729573223,1551.316841379419,20.24190724450281,64.08135629399084
0.2058496853017401,0.4350213887812339,1.841664064841997,0.14704221968186532,958.8980015793684,20.415003350786275,2.717773965459593
0.2060348019252129,2.479273602821363,6.129017063136008,0.593367429483175,990.4651914986217,100.60919832160273,110.52502162647146
0.20621991854868568,0.801736650433938,15.12923397126543,0.041214974943873675,2018.9262881321604,237.41933991325408,358.1534900429885
0.20640503517215847,1.7878737074956736,5.508617420785545,2.491649104857292,463.84907881179697,178.49810558856558,271.4378523512529
0.20659015179563125,0.05821343859433747,5.816048405780799,1.076762365942724,3227.7188083485357,164.6537081623763,33.75934750956847
0.20677526841910404,5.530300542031376,12.294632081355603,1.913787189759907,304.1510575571675,148.8135240169435,231.22297102864323
0.20696038504257683,0.870387540069385,24.649626981744234,7.76344515858739,7147.34271608336,456.1993171158838,657.8681447527443
0.20714550166604961,0.1794652433045229,9.347468410084895,0.6909393919221307,4881.892362776501,101.69297750935233,109.32009551225616
0.2073306182895224,0.7834904963776544,11.09229183122566,9.408770243760232,6553.083857959397,149.01084585721324,192.80095378259486
0.2075157349129952,0.34116082515797663,11.00814478537693,2.479884140873116,2125.928184438301,387.91088875930234,292.77215081555903
0.20770085153646797,2.785021609466109,1.7713653356179535,2.5094514307705946,3718.9110335990467,171.1407757706318,295.2448625831883
0.20788596815994076,0.4630791166934943,30.609191148977978,0.5724970861147011,1705.8730109477926,36.54647347355534,8.543868630212792
0.20807108478341355,0.6908370526982716,63.70277708606452,5.894036186516715,245.8088029476848,118.37958233416332,69.48747282886511
0.20825620140688636,0.2408745646744705,6.610670890953604,2.264366075082584,1540.4529353924445,178.97790865494062,136.75902972433968
0.20844131803035915,5.205000264322739,1.2949351640029287,0.004191194832525117,2791.1118181628894,315.64978049604395,222.171457175373
0.20862643465383193,1.0126144017702152,4.353170092338991,2.9639312257191848,1733.529753940789,134.02810862024793,119.82610281533141
0.20881155127730472,1.405518812010015,24.282158757606894,1.7109401819944574,2739.265196659332,24.869209710071033,31.20047478251847
0.2089966679007775,0.6725265839439318,0.6143843888149384,4.132169606929319,2016.3652925452159,90.8648950194564,16.03176015286748
0.2091817845242503,0.914757837860719,52.88511664705244,5.9553346951365755,1555.750709377897,29.452549413340105,110.10882586126452
0.20936690114772308,6.033632272815605,0.4270040797646643,1.8347444657137575,992.3780854614366,158.50010457662881,189.18265529170117
0.20955201777119586,1.846161906615079,1.4462333268055128,2.2402983962371272,1139.8930741069157,39.73610886138775,18.54808901543493
0.20973713439466865,4.376514752730732,35.121171260820326,2.3748745217268166,2903.5612961288502,83.40831773795793,182.74166824267013
0.20992225101814144,0.39914343726838647,0.8132332068966148,3.972398491683391,844.4785588167562,120.34507004938013,93.2304687728923
0.21010736764161422,1.6094081658060444,26.016311765093857,10.624558342432278,3749.127862901053,138.1146834204733,131.33343819211632
0.210292484265087,0.04260955873444437,11.296779546339954,4.3793314317042,1275.4024876733213,0.2555429242216549,2.14410894230828
0.2104776008885598,1.4981382249029975,11.095874805218653,2.442301486180358,4560.820619740414,246.1419906205696,134.56567085690992
0.21066271751203258,0.6000811296546337,0.7558142297209698,2.104225634569922,8058.571588014487,142.1616231498151,54.96143546214083
0.21084783413550537,2.1713268271813764,29.44839802158003,2.3283354244292793,1455.7826350744156,92.48881509007931,122.84305117257979
0.21103295075897816,0.9068724952439263,13.851248944813623,4.247360739025689,929.1797401044328,132.0882437430887,86.49683592439654
0.21121806738245094,2.3042003630318044,1.958676481468071,1.9252382921061593,2400.4186848524987,73.62780394332289,62.45337928296105
0.21140318400592373,0.9231247684019159,16.543470879848314,2.170881281851726,3407.720540523189,91.71399291250552,59.17272256557904
0.21158830062939654,0.25137135047497156,4.728227058832506,7.220447264572402,1169.0316770235256,66.16583369099449,87.71146860990387
0.21177341725286933,3.2836462133254427,15.346056025101625,0.5643268800442709,7692.4589206689225,50.9671415317122,143.99656453397296
0.21195853387634211,0.3148199937569071,15.487284300296944,4.809691258881287,2234.0041027150983,341.8897893431472,380.12799259226773
0.2121436504998149,1.1433537576158668,77.16191185859162,0.4951384225555087,3225.007982720044,73.8148034760593,93.79084714046002
0.2123287671232877,1.565608646964721,11.25952180403579,8.794928491918606,1271.7434826743263,29.375776046652664,14.418020504313725
0.21251388374676047,0.5662551182857756,6.862544954765622,2.678506097863214,759.5011843429812,66.81723799444372,33.26606737225027
0.21269900037023326,5.737051122434999,4.418913484228169,2.1232686781339325,4256.816465405438,53.590196663677595,0.6357230948152539
0.21288411699370605,0.02070077499102552,17.569430487594108,3.6824642706171113,381.2096190440035,17.65216504542939,62.10607156877172
0.21306923361717883,8.234059024691776,22.14324142830968,0.5394885846992857,2183.013011117133,183.24713459098064,232.6033425159298
0.21325435024065162,0.6819272945745917,21.142001682383963,0.9053159973309001,5036.74712994589,171.85706592606996,114.43348013654439
0.2134394668641244,3.0750995656126983,8.279217236554564,0.5937409695230843,6389.015310522738,358.91063059598736,318.69747280576655
0.2136245834875972,2.8534692741955405,18.714822785361594,7.9026974053407,401.7528706606379,51.14458662843064,8.46826559345859
0.21380970011106998,1.7683324509748752,6.43988490672981,7.610944443214278,621.9643136422695,3.6572868081487813,30.78511125171147
0.21399481673454276,1.3266402785468276,4.121596067589084,6.1128389053684495,3427.362354020737,19.399634026259093,27.46281645537265
0.21417993335801555,4.20948099530857,2.1503891072049917,0.3555876301795882,4217.3777165324445,424.70746336039747,379.2956366628587
0.21436504998148834,2.001945690316538,11.898931412367187,7.4608549526776695,9742.143980980387,16.55475955324596,14.473781273005608
0.21455016660496112,4.193166151706362,1.017953202073457,1.4135656325590649,2556.954261900722,162.970265602949,184.70409455287665
0.2147352832284339,6.723401781877669,32.459034364761365,0.683945769922342,2044.6155401099593,67.6818233453078,69.44039984781111
0.2149203998519067,0.46941575157884924,9.209355247972738,5.570876606767538,568.7139377036788,31.63921231798207,56.32940758045296
0.2151055164753795,0.29302238726299573,16.890759995936012,0.448021651860781,5373.504877442913,82.24596744358573,211.95000693242358
0.2152906330988523,2.9318205171680924,28.6487635527178,0.9361357807471754,6289.022025510493,69.8047413187515,51.80403119839786
0.21547574972232508,1.0597478251038104,1.2886770845582087,4.727744747020715,309.2737456509071,81.78143325116696,42.82629434315026
0.21566086634579787,3.411080215093649,38.021248992019686,1.2135630671356885,3674.6088939764786,144.41147288210573,214.81177913517385
0.21584598296927066,3.1741566978594653,56.95017048764869,3.5983164466228446,1145.0062226752132,158.25521588004926,326.58232710951154
0.21603109959274344,0.08138991925121752,4.50363060012321,9.456196610924849,371.48385304547577,57.733915699657054,108.84605087900832
0.21621621621621623,1.3168152297548632,0.11160993955184759,0.22230460261778714,9383.983406793841,137.24264278430036,352.9374989110874
0.21640133283968901,0.9415906176502424,2.7988135683856203,1.2994551736174087,5749.464869967697,209.64856859133317,308.6246797959853
0.2165864494631618,0.5348862506672976,0.00687861261785814,3.9133637516825015,5648.004111616456,263.0425699946482,383.19316831627185
0.2167715660866346,0.694288232743315,56.506730029491315,3.128928786853521,3107.024767276493,71.26007584674967,108.34625979068765
0.21695668271010737,0.34414160626989987,22.640990309198433,2.7061105149229947,1313.3721837070389,17.126444129012953,0.7041173744915324
0.21714179933358016,0.40580715225749137,38.31587603613186,1.500359215553542,1721.7201772392964,10.701934354010675,42.18710600052991
0.21732691595705295,4.530227734368502,34.81638730712118,0.9516796089475622,2262.673419443376,151.17750344764391,148.46206647379137
0.21751203258052573,0.19127015295236025,1.4695502587162383,2.6198757261217285,9133.743501040628,108.09857076412217,24.332138669659965
0.21769714920399852,0.8721376305848038,6.101074341875095,1.9665111346388104,2863.9425938660734,74.36211097036738,196.65815125227374
0.2178822658274713,0.7793926414439517,13.630752288384036,0.2797379133908193,1118.1256617551526,36.780715086477166,15.968981584823469
0.2180673824509441,1.427720474926566,24.040458000032487,0.5976116739391716,518.9909732251014,28.51987099951643,3.008090314808063
0.21825249907441688,2.4503403219501427,10.666646130543025,0.5173197447876334,30.45267034872985,301.39172714422847,226.021879755183
0.2184376156978897,2.2413754811479754,8.190057262694621,0.08316433608370945,670.3824864998352,280.32477305755225,235.5336573683826
0.21862273232136248,0.2619348558671603,19.052582109573894,3.879827131721212,2673.0020790949807,118.49103797279228,218.6434536036037
0.21880784894483526,0.7345549880218902,9.388355335722242,6.6650721375027615,2304.8018743611105,36.34135490414154,6.81101201682516
0.21899296556830805,6.365180023804948,3.8703461671943526,0.70883398736142,4584.696232488163,404.8861567619516,393.977192702631
0.21917808219178084,0.9956247709527328,24.324148012215314,0.42122630026396757,1474.6225436433876,88.03065050741903,34.689399242611444
0.21936319881525362,0.6965708089246463,16.32579814164307,2.0962973387912904,951.1491808141445,310.1391216290332,366.2217729202241
0.2195483154387264,2.0493801860016094,3.720509321778084,0.3539295820623572,13325.804307059321,56.82662954311138,120.61785776922935
0.2197334320621992,1.5875572496818677,5.220774985392934,3.5963608979453423,1505.803992944599,76.94751550414149,90.36467866156731
0.21991854868567198,8.328469815242947,35.656949449766216,2.290820770458007,1528.4400781929576,151.11057312698335,144.8252837015194
0.22010366530914477,7.596472551131246,3.677857781238396,5.060726987061157,4345.199526750623,46.264050247341295,43.25873884497905
0.22028878193261756,6.3822813095681985,3.99122982216149,5.470908199616691,4257.105085505588,63.22653922626875,33.686818296876446
0.22047389855609034,5.0875421680544,17.922877738482548,0.20574360810270897,1868.683939858309,82.51705813191708,41.2678109916525
0.22065901517956313,0.8187869759827181,10.765708787651624,4.169609495959516,1866.3894440604483,2.0824741143214793,16.869400172470282
0.22084413180303591,3.5382207030251585,9.378928930258636,3.653162579550934,4665.920921975315,60.52801666468218,63.08755305571191
0.2210292484265087,4.329553918991343,4.828484261734445,1.656313945999476,1555.6514198508667,103.70192282403526,113.73628303650368
0.2212143650499815,5.153205270578669,55.57372887365987,3.086730813671885,2052.0319545474817,105.10612038374276,62.425942460085196
0.22139948167345427,0.7479846475018218,1.172836033044685,0.9865528129771888,10174.63864348537,135.299790368283,334.86473631342164
0.22158459829692706,1.744132655627725,1.0057800445671286,15.656489347202552,621.2626518691916,118.07602333239514,231.7647497354252
0.22176971492039987,1.2026214348761632,93.81300794370796,2.7148293327876485,202.85111969222055,0.9958079034522843,6.4882829167328495
0.22195483154387266,3.8297015384984077,34.15648684330594,1.0105142692688112,547.9957253516518,0.22487927286772588,42.3875747656004
0.22213994816734545,1.7740501921999425,17.080786312171448,3.7054974513096552,2989.2800762981437,118.73136459741734,37.179396039800984
0.22232506479081823,1.5698873661753823,12.348581447442212,4.771608912373679,5088.660739294963,127.44232637087251,167.9910768476118
0.22251018141429102,1.2472017531186002,1.3865046879184801,0.05154569977691089,5590.810970816798,15.740128333365039,21.17181512801771
0.2226952980377638,0.5375313492784785,11.806440496768312,4.921573294837349,1534.5128322573983,394.5533636678909,574.1501161809313
0.2228804146612366,1.0534146856071132,14.505944571399743,1.5009881650513246,6203.473674340832,408.39318792521885,1120.3284077718263
0.22306553128470938,0.8828001640911323,0.9056258116524616,1.079149809615457,5576.762309669004,441.54259711888545,582.8870272039255
0.22325064790818216,0.2462031917628071,27.635859101564485,2.1568168349309538,279.9708397178989,120.80628568695585,182.31029355828358
0.22343576453165495,0.46132556126042235,6.183639886852298,2.7374093656287988,11842.210444305589,133.8597688824836,189.43155628942102
0.22362088115512774,3.7510036121191623,18.258772351034455,0.26193470353207576,3754.473394538936,74.90477798565338,258.8823786229827
0.22380599777860052,0.5763519628403341,0.5613765524199992,2.9926314646390946,454.5232987326127,28.36835129242577,30.918828189394894
0.2239911144020733,2.220353199026802,13.798269292105344,1.8957724360263355,958.2494212364719,32.934665573952564,21.399374479224356
0.2241762310255461,1.5016680887152936,1.9920453501903368,3.2813225948650477,1242.472880447078,6.818599931952117,25.387585936932066
0.22436134764901888,5.028481915568674,4.12191545424741,1.6024194757890127,1618.7192406549646,66.00190743169,241.65722005506495
0.22454646427249167,2.3947722007335663,3.367587156997793,1.37438539526229,196.8082327203451,205.75477074857585,183.3773715188237
0.22473158089596446,3.2378242457376563,53.15803770992637,0.20863925899738017,3579.6439668943426,98.5208774275691,222.73024155573185
0.22491669751943724,0.14436064239286614,24.550391229740857,3.286909147301058,88.70782606530969,304.10997892227147,621.6160140553163
0.22510181414291003,0.1477466248083701,19.39516021926292,1.86346665089334,3803.0345679567995,20.911651659528193,71.63376147979824
0.22528693076638284,3.1832563164457897,19.828406779032964,8.414784383516798,445.7744538402397,9.931918210986586,15.498635770573781
0.22547204738985563,0.2887907917293894,10.882130544836231,2.1418168206680868,4822.063485732643,91.32852142714142,198.079015062823
0.22565716401332842,5.2463008417571135,6.170139963051528,12.129050487641829,23.691807579236567,51.413543908541456,49.0693275427149
0.2258422806368012,1.271281443203813,14.79592884653785,3.857235704633793,5511.608872220469,118.12764642976103,233.54642637224381
0.226027397260274,3.4477705139518147,25.922664390285007,3.442324091131697,1065.307569297518,236.47296305513407,288.4778721814662
0.22621251388374677,0.3165280799584064,6.265746477526952,0.08420125972407999,3586.3169456822807,345.2453306151223,386.08608896728686
0.22639763050721956,0.2296544731446777,20.494996182306856,0.6759220700164706,353.8904088073127,23.169538929044432,5.082129781416255
0.22658274713069235,1.0072655768452317,18.539689464908445,0.042874004604046265,2371.408599087806,212.76999809634682,154.59419266949823
0.22676786375416513,0.01928386982794728,17.63147644792625,0.602903534586984,1952.4444210768495,131.96098930251623,43.7188065130821
0.22695298037763792,0.46624023500546063,2.6928584326689875,2.964644198286557,1824.0378338744915,522.9168249821456,762.8440974622748
0.2271380970011107,0.3002598740711504,17.17834439340253,2.769391757839114,4441.910290971342,17.48778952026876,48.9129972288338
0.2273232136245835,0.6969704636917019,5.1869156108315915,1.811882741058153,513.4331584674563,156.88870193966392,240.31210417281739
0.22750833024805628,0.10597395388342681,20.535088405933287,7.202742004637875,340.5211142346565,59.41907709562409,81.34033519189545
0.22769344687152906,1.598916211143231,17.87046030125238,1.8864281657628126,3719.5040469055916,183.43699408902333,239.10596798686598
0.22787856349500185,0.12360451436327395,19.35446852808529,2.9984691174560476,11817.300619263806,70.22189444170193,145.1453792871178
0.22806368011847464,4.872081580263502,9.596215125436425,0.7372711231400287,1175.3204949743863,80.37983431238042,132.01132851472033
0.22824879674194742,0.44251870687337247,0.334435579426718,8.365161661993032,1265.1598130120642,272.9552583580386,386.9447255983532
0.2284339133654202,2.467605004470612,5.3250319298853315,1.68013300836298,5482.729906137359,19.064902487190484,70.5114572934523
0.22861902998889302,3.276481474452092,6.739985259407205,1.4400724716546238,350.4327750188284,350.92237883619447,339.0737074354257
0.2288041466123658,1.0908952416448952,10.56284277826536,0.11255991700570782,353.52990387809393,241.82142693697818,220.36751392330825
0.2289892632358386,0.9853091189088727,1.8211565909290175,2.6706546066814147,3314.385212640519,195.23844976395384,58.33970073839224
0.22917437985931138,0.48841013593552707,1.9055758851327602,0.8136063332241444,337.32230158677675,189.8024994528102,237.8123126732458
0.22935949648278417,0.658703819054718,14.170803142533462,1.8228308698228561,5750.642210351392,226.75887722174375,278.4842987093486
0.22954461310625696,2.2002251580219316,15.748180387163531,5.8945351783535385,446.3177316034415,450.75132987900867,453.7668034278634
0.22972972972972974,0.03569614866345974,24.03523799683332,2.076512001343953,59.515993468106736,46.89216539167957,51.287308955102866
0.22991484635320253,0.12006035717552264,5.71657395029745,2.2019858256225775,2170.739220912807,7.271123175288095,2.4030679521990947
0.23009996297667532,0.15809341264286147,1.4408593159459595,1.8177115708953806,877.3625134193547,270.70377219419726,367.1962994896316
0.2302850796001481,2.8904347938852553,17.843156557000295,0.7759617267477981,1241.9312721217957,286.65320266649724,295.57156112961144
0.2304701962236209,0.953019894983443,0.13788017434724512,0.2113630222594515,6006.010826767665,57.433763290618884,87.00444808141961
0.23065531284709367,0.0785956788996737,36.97571380828012,2.2456881897478933,3191.204569088518,3.443185084655885,50.885566690530446
0.23084042947056646,0.6070510343846746,4.541759598084183,1.3585183028623558,5408.722701367993,241.81896961450838,322.6060978015521
0.23102554609403925,2.2369787687241347,14.925571245726022,4.380703946528269,456.6208455557424,181.39325831760286,259.81114794823986
0.23121066271751203,3.5567633198374846,17.49337985426309,8.312408746296656,206.74383603352004,454.498783422873,496.81051837583465
0.23139577934098482,0.9886261646039661,26.544758859226178,0.94882019927079,123.92836955235077,560.347300308967,697.871901711689
0.2315808959644576,1.1115769086856435,29.859721764834557,4.301255965539831,4151.163953571709,606.934665360266,636.622896156186
0.2317660125879304,0.4207734659195084,14.043559770544576,0.18942148531981098,2736.1638269682962,141.51083537277003,217.7179812199206
0.2319511292114032,2.1166614895325133,35.5342687138541,3.169886901533352,362.2390281413952,29.406885467055517,49.39540965178719
0.232136245834876,0.2627434902101447,4.39186854457157,1.1069595471264033,1638.3992003283693,123.61146786842191,165.86348667023407
0.23232136245834878,3.243919980906933,9.07694891737777,3.2474641384325396,2094.9139012979776,140.956384025115,381.6527897406017
0.23250647908182157,6.302919793289823,14.682133369291101,0.8740099385229191,2322.566968137893,367.3307016466107,474.8854002389319
0.23269159570529435,1.4018599400965714,16.426273348881338,2.4720467933504287,773.3540739805745,134.7660646218514,178.06332963016652
0.23287671232876714,4.6205832154161195,24.254491228171165,0.41258047446814244,1777.9070909545048,104.28006433907073,21.776651855665676
0.23306182895223992,0.2336436972020497,4.659577087241712,7.921536505195124,1490.6258167012284,26.8733205008995,99.92857612797002
0.2332469455757127,0.319725104219141,1.7448902966526307,2.1811432557965063,34.67608042658531,306.67027766908075,436.3542742196216
0.2334320621991855,0.12414783476248857,1.6946941540340341,4.029939521951839,367.2123008895483,115.12359899947161,112.61351296393931
0.23361717882265828,4.575044794378395,23.899283126285578,0.8363165599151859,9905.111771889504,190.77161729734397,248.04217877983
0.23380229544613107,2.8518168162870348,11.35762827311938,11.612040976027497,2487.135181351024,46.35650449972746,91.8495565325987
0.23398741206960386,4.095743711483361,1.851916116557358,0.45178092389026303,4889.8559222930935,80.41502105240042,148.8811668542573
0.23417252869307664,0.8883624980280662,9.084564156727733,6.38913692363698,1272.4053735560456,241.66685083798762,107.2725891649315
0.23435764531654943,1.2502893609321375,2.8979143010861703,2.4317492473820526,141.70862508390687,54.55521500562691,13.66057918185564
0.23454276194002222,0.3075468974921324,29.697355326210783,2.171882885122605,2208.6888773105093,95.32549753264904,124.84355040800196
0.234727878563495,2.4630477130892086,49.82443239962295,1.3277759833075913,4002.0899871591832,252.07625778540037,250.49907376034307
0.2349129951869678,1.464763210253002,1.8735125234669125,5.694527792160694,488.8699657232889,539.5713893265256,239.1573521283365
0.23509811181044057,1.594694948836281,16.84230286885508,1.1094741740280782,6254.1058869940025,606.3775142979594,526.1982170216924
0.2352832284339134,2.1043098112064142,13.19139952928704,0.7711220142960954,182.72951723539992,131.02613416969254,109.87925099571301
0.23546834505738617,2.0977826087563707,2.398907192752145,0.14506203669432688,3816.385113877869,102.2469240462219,47.498389879687984
0.23565346168085896,1.7347113724658636,26.02811376777977,0.16918718433667812,217.54629856250844,38.60455769127433,67.61158296786044
0.23583857830433175,1.6875324180714741,4.416998708179404,0.6135552258035367,3919.0720084380123,23.00538213899113,89.28024514815297
0.23602369492780453,1.111856672001168,0.6409676844338481,2.3739468170383935,1910.5075272868098,238.9349316815063,379.1026714518114
0.23620881155127732,2.7381005250303065,1.6534721559797028,6.270501374171194,17.426258156167055,61.60195139325364,72.90758955046637
0.2363939281747501,0.7785766178082534,17.12624516692464,5.60282917160124,1884.9058809453475,147.94843784289256,132.23642353505215
0.2365790447982229,1.3163342444570587,17.172597528428554,3.0746238774425745,451.3882107713689,62.25387811189551,55.6517575302813
0.23676416142169568,2.0536367213284694,13.29255116179542,0.5178979520893414,3152.693558349073,7.34578740174125,80.65775561167887
0.23694927804516847,6.1836071723302055,1.8551276907996872,4.207114354145632,2970.420852829068,18.701275097089077,38.43725941118513
0.23713439466864125,0.5757752704421786,6.13817700695102,1.7686388229349388,4786.818590144574,148.8447005657766,250.0787356694281
0.23731951129211404,6.6556093914086185,8.2183954441541,0.8834036888360861,4592.458841477636,12.613805447832975,42.4682103190471
0.23750462791558682,1.4748223371348281,15.411268911810499,2.0080494120334116,2950.1125672055423,7.222413488494061,25.606471676366013
0.2376897445390596,4.01574043411483,4.511385615927871,0.3314571073453936,207.55990877961185,332.4529595993663,501.49379358807494
0.2378748611625324,1.5166211791974418,8.295565907792358,4.101844876106612,2599.275684417648,291.5074197835886,375.7353827669272
0.23805997778600518,2.2803578656828285,0.9384933477901173,3.503313837662099,255.7693792024338,211.38450807925585,477.5198060007481
0.23824509440947797,0.2524630368975345,27.328165656066663,3.4503420010163666,196.85114592057937,241.62876025375084,220.4810179565328
0.23843021103295076,5.804465461412669,0.9044212540541821,1.1881007770599998,2012.863538518121,267.3798610229934,518.8347200503374
0.23861532765642354,1.7428863194509838,1.1681302537504425,0.43057738604506307,2836.6985181111013,229.01850931228984,258.0964616558712
0.23880044427989636,1.825855070409155,1.4987222611637294,0.3459575415363886,4118.374884243376,45.513276528662075,82.6263498121042
0.23898556090336914,0.18428605613737578,4.609084632026362,0.10867193642319652,571.44800396248,159.48109869730726,259.68019274147935
0.23917067752684193,0.635999540355296,61.68700226421612,0.5250795672069345,5140.591585557275,203.24917504457105,165.57607523577616
0.23935579415031472,0.1939545964854038,6.410351790947288,1.9302754674999885,1326.6631339735152,62.20592141741812,94.46985687727684
0.2395409107737875,0.3690017449144203,9.39163812579019,1.3303857611379029,226.79168641546877,38.44887938124391,38.41598849237441
0.2397260273972603,0.19757575929941457,0.04209767280727393,4.076259255257596,6727.898711290079,8.237306625354687,52.47994228640208
0.23991114402073307,1.5338052298596256,5.0794149791710685,3.3558650894460453,447.2638704490529,148.29638807842176,157.4242519193549
0.24009626064420586,0.31091984471193806,22.85883821282595,2.349504175244981,2539.298730787144,227.57394896966915,273.4684070026169
0.24028137726767865,0.8906405493323295,45.00391355031226,1.8966675727263271,677.2551683814364,164.30015853586193,261.4523999372056
0.24046649389115143,0.8375621386216154,8.215026876830665,0.05096680615440602,18366.752103217877,443.2316374098507,600.4388685114177
0.24065161051462422,6.511707020413769,11.92174991715986,2.3459550108285576,415.2475995783137,218.03143564110127,291.49926137799326
0.240836727138097,0.327876944592172,5.777423003358958,0.6926289274494437,4060.768321465825,19.749231731613026,54.8827102134605
0.2410218437615698,1.9493750091527438,4.800586949160419,2.2687657030565,4977.912711620221,133.85199147320265,12.916192326399496
0.24120696038504258,2.533042239938126,24.572214951725407,0.17376722562574268,3511.395705078023,7.323287115085329,53.62667511044301
0.24139207700851537,1.3216205175159879,27.703561619887775,0.08342755636338316,1040.2903930185043,89.064397529574,82.54030884993315
0.24157719363198815,0.25885081168023183,3.0557136848486857,3.4834500338369767,1138.867935857774,66.38119403481082,119.56524878607986
0.24176231025546094,1.0867783557917086,10.063941607766958,3.0930951555535198,2989.6162306623223,331.9093272342213,328.0062091393849
0.24194742687893372,1.8157744536731317,4.514996629568482,1.9960734813369174,3.050048419240169,292.8058709562908,374.5723215969754
0.24213254350240654,1.5947614004013553,19.176987106141027,3.8904039015910303,3687.6649713569464,198.52331073980665,199.8278303840029
0.24231766012587933,1.5938135928218227,3.5930677117240832,18.19234220398353,3885.197487478121,127.35930181617363,313.19256070408517
0.2425027767493521,1.0832422902224526,1.4312185477874029,1.2355900415175916,1592.6252420487174,194.41227781633327,211.20816759435053
0.2426878933728249,1.8673933331528447,22.541458580912618,2.3523302448564887,3368.883785513728,133.83725733387794,271.7869080420581
0.24287300999629768,1.5958298506929445,14.604702800105436,0.042620562592871884,10821.374210009697,494.013218670292,799.4053112911243
0.24305812661977047,0.1272178914023853,4.5350032412926025,0.224566961437706,2523.4282058593353,12.161500788528462,15.705514509126706
0.24324324324324326,0.15950767866074325,63.981653548113506,1.5163383187906447,1410.3340327815774,243.79054931034415,253.3997067097114
0.24342835986671604,0.13224234059793544,43.05352324632307,0.03333085396470785,5794.48970387843,37.864450713298915,155.93039308477864
0.24361347649018883,1.0139161645106476,17.51006669557612,1.0289711379097537,578.9976943882443,171.68525154681905,180.62926745282144
0.24379859311366162,0.9467936374951087,17.879239906625216,13.375478213977964,3501.062189806413,515.4015604262288,423.0261762081801
0.2439837097371344,0.0710144895529293,1.9043628198449134,6.518964512350652,1058.1569259752152,59.47180539334721,15.016953164093112
0.2441688263606072,0.5988696876997662,0.4669867196775109,2.667761422744447,985.9001984816294,88.3004421939404,119.63832651871618
0.24435394298407997,0.9007839884010386,38.150877554272654,5.089304137459099,9288.339040472723,304.4793391087733,335.34738408737036
0.24453905960755276,3.4662470920241306,5.86671241741787,0.744129928965662,6617.303089651753,249.6376210515826,294.8731390947898
0.24472417623102555,3.1827871277279236,64.23499387116821,4.009805596324155,472.3128317017152,170.05436001177728,216.13904293406296
0.24490929285449833,1.499794164757328,11.015235997447938,5.709833227990215,277.3635002053966,283.3998967417268,241.355867248741
0.24509440947797112,2.964466388744197,3.724933918231057,3.6824147843564847,1487.0874311228088,11.221388331788885,40.56924559214264
0.2452795261014439,0.16270830163850766,15.507380938326214,1.4961389538652698,3255.1312628913192,14.478520643872876,17.065855614084448
0.24546464272491672,0.12499130031348873,0.12291452140555591,0.3108558839036512,563.4357032495675,365.5287337112542,172.9513150274846
0.2456497593483895,1.176480179442265,69.8812627923767,0.8561450344184394,6659.345267602858,89.43088415155592,98.22844802696231
0.2458348759718623,2.8219242508995466,21.69449829473388,7.645401022691909,9573.094479810703,139.58341598786066,215.60655225989382
0.24601999259533508,0.7428935797841452,39.871471199689495,0.9940712037061261,11086.163918929973,99.01992974804898,249.2520310720416
0.24620510921880787,0.20063107295074134,4.7922063102578285,2.190605750635182,55.095430915157955,43.382549701101944,27.34905847071823
0.24639022584228065,1.0333368313595965,7.542676985103339,1.0690483020309378,1387.3591567611998,44.4467736643232,52.29835562987563
0.24657534246575344,1.224006475764179,8.082144923930821,0.18141894403860634,8575.696665379934,223.7126341424975,256.07004939217904
0.24676045908922623,1.7070454156168902,30.731934208969367,2.5504599799453938,11027.707219860416,32.887135352423165,159.7403968876945
0.246945575712699,1.4720630376569952,10.556471560448431,2.2506664645489285,8150.4951795663665,98.76905649338737,173.08198720975125
0.2471306923361718,0.15512897675724915,16.946278943223408,2.2708040430256844,3484.133027544493,128.95497819632874,114.08875607396595
0.24731580895964458,6.541539771524168,9.762979359153,2.2655774731629634,564.0670192516332,212.35868990462689,303.57982317096224
0.24750092558311737,2.2238546709762894,31.29249392591478,0.3529432660900637,8806.451835532918,347.1250467083646,258.42994537009
0.24768604220659016,1.5412130981771477,2.4281744368304197,7.491151421772832,448.5851873990056,44.01569094775572,75.80243453057285
0.24787115883006294,3.6465595464596756,27.897359639027478,1.550835161480611,31.412072107095128,446.3450778719905,494.1522379802289
0.24805627545353573,5.374063718991927,2.314403528285395,4.134325387571709,87.00714804124988,374.622728214774,519.8131686368793
0.24824139207700852,0.06300184235636083,30.34512527827914,16.477692474173047,7480.4633733224055,119.65907969935097,67.82770367847732
0.2484265087004813,0.8828214595932359,27.583734314408666,3.2605030205350025,3287.4977185803177,435.7860053023454,259.56222724311823
0.2486116253239541,3.71338357857516,20.28035784880682,0.4240908655832283,466.53666164399544,3.0221598388040083,20.91626360247231
0.2487967419474269,1.673446023134008,11.291100944720544,3.7150902989262575,5245.355547372269,122.99783952570965,143.7953360604387
0.2489818585708997,0.10803804952479454,4.171224229797521,1.4926949552888653,3783.054602368836,332.7377233203634,450.2349323310033
0.24916697519437248,5.091816698784613,24.443883169113946,2.0881308469014996,1879.8275782916241,30.031381687238767,69.05844501604199
0.24935209181784526,4.666766694055077,8.392889907777679,5.67949648607401,966.860715654544,200.27229027845496,211.62357140085288
0.24953720844131805,4.704570355458629,14.975424609682047,1.648138329440258,7914.210644196313,339.6218938742121,457.2452252463881
0.24972232506479083,3.6256172325422,29.15806800848252,0.4310602521393918,419.50060482408054,60.179431003756406,89.90532046271234
0.24990744168826362,0.09556867712093772,31.53972839644932,0.5475590899301274,4186.417399660705,14.796727497646364,1.1235293470999346
0.2500925583117364,3.4246627601338746,31.357274260622756,0.39318370718361406,1531.445867008068,177.8123334258741,251.04957130556096
0.2502776749352092,0.9351584550104348,11.09836288898645,0.32228900197232024,740.6972080871334,243.29304912748634,152.15023977431335
0.25046279155868195,0.4333837410850047,14.450976017277164,6.165590628938262,7752.755077397158,115.91059190840562,137.70100287947872
0.25064790818215477,3.511651128686985,67.7227636534262,0.047877275182084095,16722.081477113985,94.22707947894848,175.2730650606135
0.2508330248056276,0.3474429785003309,15.127388687022417,0.9751032662216608,7092.638444850891,199.14232811690567,92.07439419604788
0.25101814142910034,5.263320791596317,3.2594490493554984,2.1446694804177278,5882.119729209786,156.80946127123573,88.03519760045936
0.25120325805257315,1.812387500371828,0.8203413008612721,10.018445739145788,3132.969927319812,0.15596615575435885,79.42385161928622
0.2513883746760459,0.43374989361848365,50.93004224922008,0.01338096350978061,11227.341194470382,66.99271173114919,62.8864055061274
0.2515734912995187,7.394389126835354,11.519498567719165,1.7964203263544751,2985.6881919500456,442.26969695276836,580.5558466085818
0.2517586079229915,1.2602544647692373,28.515953105486705,1.4674584385964111,2235.5837288741404,5.908861532524295,17.572719609529443
0.2519437245464643,1.0730812446661482,24.794576222052136,1.396046365393707,7425.880547903153,227.6180797354642,95.67532738170314
0.25212884116993706,1.8749419491009283,2.1921043953526587,1.0901982774268761,2381.847327912861,91.93042511993923,100.7998131694291
0.25231395779340987,0.4712660168899718,26.597816325985583,6.067930112171901,3843.3152735773897,136.75550738164134,300.61172564017136
0.25249907441688263,0.3089026729893169,16.347756029737813,2.6074753399178583,3320.920806213581,448.14972833942613,441.85437093885446
0.25268419104035544,0.9294393629067478,5.655520063415046,1.3688615953115408,3848.224854161953,326.26857568632136,640.561457631394
0.2528693076638282,4.84152115085372,0.5351145518189142,0.5884069023000136,4661.310556055782,479.843165961831,461.07293043647945
0.253054424287301,1.1554228780415228,6.419275149142402,0.37649659719025713,830.4922525079473,43.81648794621564,158.84738701303712
0.2532395409107738,0.4107999124191311,23.475411860723497,1.193159390878758,778.1337690691593,16.778113788315718,12.967040054202418
0.2534246575342466,3.4172772120654624,36.39284051204475,0.44857006288625934,4155.839424622609,175.30553735230396,122.34664204074106
0.25360977415771935,1.561089076878225,11.404960106385726,1.473605073904766,1940.0948405923887,10.650116856741787,1.1833713171682712
0.25379489078119216,0.1745590691997184,13.855160287497005,2.601532623791946,1878.4065220009886,3.1276295819653757,2.536482662533713
0.253980007404665,1.9695343551069144,25.38060650933179,2.8729371527899152,3943.178513992038,58.847045251830885,54.028084069713415
0.25416512402813773,0.8114087519303727,47.33372211440871,6.486583884983824,995.3821363187436,159.21910949092637,62.11004274206637
0.25435024065161055,5.39926556548197,7.993322700606133,3.948680935970271,693.5106360005335,69.62228154018402,139.05161239127438
0.2545353572750833,0.5264792790072887,3.4965957747650607,1.7872683827416336,3658.070839182344,101.2085940667527,259.76263421268914
0.2547204738985561,6.571551607359164,19.6656988172111,3.9288978312140497,5887.13536202748,219.04909291399224,584.8827749837902
0.2549055905220289,0.8175975174849855,12.841164611717037,0.9976418042111677,7649.1562548022885,81.1792660041693,245.76467198259525
0.2550907071455017,5.919223772223305,20.918431516149685,1.1747423919487479,438.16087923998384,48.35933790688099,116.9699918828808
0.25527582376897445,0.9981191796347003,16.482538378066405,4.676824268319857,16.351973562345705,157.4766155064685,56.979436292191124
0.25546094039244727,2.2583884385684465,21.018011430346707,8.983860590978647,478.21334065166894,86.65341704283485,51.09912563829162
0.25564605701592,1.8144543351757407,35.79363578149152,1.9274038009072123,4322.3052225003885,355.92882529788335,282.6749386341126
0.25583117363939284,0.7989385807658156,5.8345531472496655,1.0628275823497197,1148.51265561266,46.596582822055886,18.113884567210125
0.2560162902628656,0.95418152461242,3.709173948649514,0.09942828712016416,2966.1091010338855,267.5457817647107,302.95188238304
0.2562014068863384,0.10958299692399555,10.336513099250972,1.840668506650711,11760.833043201885,304.2828463679842,330.74879150667033
0.25638652350981117,2.3241010805555624,10.447015822833873,2.3608114393966675,2134.716154579899,47.46081061766895,93.88617810070578
0.256571640133284,1.0827640219645225,17.861495985504938,0.9103642441876316,1986.2611043855693,119.6640543323973,147.15426190425774
0.25675675675675674,0.33415202991191306,0.060877910717913784,3.0504088960894573,287.2563225464456,113.86372160866257,168.06939982481677
0.25694187338022956,0.23740811422164418,44.479893364112414,1.678024173547957,875.8875534774098,361.8116802464836,270.94507641459205
0.2571269900037023,0.602330302307477,21.018624163322396,0.6260193075706085,5565.077769659368,184.48823669148055,156.5635955498486
0.25731210662717513,0.7786254566298687,4.610500763644952,0.9342359463379293,1536.3270793096342,196.43817532286926,234.63161413176616
0.25749722325064794,1.0158266163363148,5.6061727631560405,1.108366920210274,3591.6886692244693,150.27810040986557,35.532299386991426
0.2576823398741207,0.15492393890032813,16.262812148868274,8.105158728950306,3072.9009255909386,59.66393163758894,47.62055309396905
0.2578674564975935,0.6610350509119128,49.38671792974172,0.667918862041732,6856.2037117050895,3.444166836786572,36.222127061825574
0.2580525731210663,3.339769124349107,18.403366753951865,1.3111788113341534,69.87958156344399,150.43866406319066,154.23967861884225
0.2582376897445391,0.4207732700797766,12.885517291702268,2.230514068928595,944.8379808162466,152.36317151384821,281.3780703381071
0.25842280636801185,0.2541336999422866,1.993488736435466,0.4948547205485933,2418.9403453854984,3.530023629996096,0.4539573048241425
0.25860792299148466,1.770985136121051,27.475028642681593,2.02434353655671,1113.7094532886392,143.67849216592924,141.52900490491854
0.2587930396149574,3.9046900465425742,11.988802475708262,1.8700856047344654,2524.413207429561,0.974998086092056,1.9067447592575724
0.25897815623843023,5.887041084774467,6.467036600131066,2.551529512397077,4706.136521775426,276.58405964316205,198.81049735021227
0.259163272861903,0.7524072911572286,13.645283513839976,1.6215142841274992,3864.526868053569,247.6880750165083,215.5165577609285
0.2593483894853758,3.156351392616671,1.1504046591056283,0.4197019800652143,6862.262861123852,350.98512272912524,476.07965163774577
0.25953350610884857,0.676682980892281,3.5226084790976433,0.4255168618983051,2270.3025083929247,158.68437712462307,232.4424472372585
0.2597186227323214,1.7118734663759154,4.322059967438107,0.7041192758645726,988.9986613476614,110.90408607900213,227.32159738049313
0.25990373935579414,0.26849515268126667,3.637379272017577,1.0920056052817735,3268.2063099125735,18.674233048965874,26.309635042776303
0.26008885597926695,0.21098325750742475,6.871263404398918,0.17386879837722471,1811.3084406198755,133.33169852570543,128.73580063408542
0.2602739726027397,0.46524877134773096,13.017658058643141,0.15593919093931286,3923.0654058092473,442.455514242363,355.6986202151035
0.2604590892262125,0.56853365534376,0.2977869565942376,0.5192664324159856,708.1808401821821,496.9794877022422,483.6000577973725
0.2606442058496853,0.20720256163481815,2.0957326840673134,3.465832207034612,7067.94179356879,224.59652869369424,143.55118832174588
0.2608293224731581,0.49904878639357486,35.52129823800899,1.1390922657978562,7592.915782368329,135.7850076445133,101.64565111045555
0.2610144390966309,4.115648980551105,12.584250667926835,9.484036318507666,3523.6906205201904,17.40451503593169,10.300143395770803
0.26119955572010367,0.9657168762100684,19.22476596030365,4.422046364703284,1502.1938762172301,24.030059142794418,4.405296877244061
0.2613846723435765,0.7482275433942562,7.854900091786556,6.945539307797416,5214.374048934329,44.72788433767651,38.673087349849155
0.26156978896704924,1.7413929091753115,17.239996744867003,1.1663271530512493,330.2300482410229,310.98774970881067,224.33406983922765
0.26175490559052206,1.0723242286670474,2.5255729892479204,1.4624725723623075,6393.610094331902,817.3480235225446,644.1645137124123
0.2619400222139948,4.341126938065208,7.531421202018253,9.761275191520362,6953.717845893854,615.1699515650266,636.8400299591844
0.26212513883746763,3.536031277488388,21.110988282896244,1.153645827979495,192.86511195206216,64.30536661774968,25.551809671007558
0.2623102554609404,0.5173535722024181,1.8845017834229154,3.020452033140523,482.530583225618,135.5719763251426,110.93195056270734
0.2624953720844132,1.0247434952456054,5.329087601248028,0.8038349875331213,754.2149732335045,22.738633246018697,26.16629712058901
0.26268048870788596,0.13512947930518937,4.637335694594763,1.5132035172661151,973.1992945175786,46.96635322409297,65.48601919468108
0.2628656053313588,0.14015784168834938,0.9880409195604505,1.2004963377651152,1849.1145441108215,67.88719183847053,139.06444248449037
0.26305072195483153,1.1732793721896166,0.5219348419873344,1.8565566419030801,572.4968901842509,108.30056977461128,42.24227951728478
0.26323583857830435,0.816980760130053,3.2831563568447772,1.8712941277074657,916.6600330221414,146.81895199785447,112.33321354814522
0.2634209552017771,1.100932425249048,11.797831910482277,5.8891928583049165,2313.228723538927,408.70544661700495,363.72602861004043
0.2636060718252499,0.249466194239935,18.59015934473568,0.2499430040362041,1019.5519941685037,245.27341181097046,301.3720461641169
0.2637911884487227,3.61420062740325,10.705220406945676,0.6456110091644536,770.9066309375972,65.19572301525636,42.49358996490434
0.2639763050721955,3.1950209936597953,7.898942919309375,8.871406241559052,7973.148763715179,213.68659084951767,140.12098295732173
0.2641614216956683,1.932958253709503,3.8702314002695197,3.5262945643775203,2708.9612168204812,257.0319052576801,277.3342039446275
0.26434653831914107,1.8135934927105433,1.7470493706354735,0.6372128948772382,3956.8602893096167,407.90303885765934,335.15099312185066
0.2645316549426139,3.2192828308123556,15.768952736587925,1.1030218083660743,12057.800959880055,345.0880245916886,504.7571426827822
0.26471677156608664,1.9710443156574777,2.2600037901872825,0.8097349608136568,1996.1153098158138,193.11440364830804,235.83476904402755
0.26490188818955945,1.2633563314182736,6.969471605824112,1.541836963993416,34.215080947415274,177.51684404842308,180.73295811528192
0.2650870048130322,0.08095343111788632,31.216697032775333,5.087666190149975,621.0094356698835,178.1364511027396,406.86899250626243
0.265272121436505,0.8080474045511542,19.734893713788612,2.464690215179202,994.5975520025129,91.07408576827764,27.172209177007932
0.2654572380599778,0.3508474166675601,8.919252465027233,18.936358604909536,6625.529159760288,357.50185722723523,550.7799103619906
0.2656423546834506,0.8931466730577413,4.12605128865049,12.419119418942698,1579.9060527742633,81.20636617628813,92.68513019177006
0.26582747130692336,1.9237348901382296,5.81426420296469,0.73348101283502,3862.6883136343,15.266195906806107,54.434560037505264
0.26601258793039617,0.5438112850082695,8.930704830013351,2.0014477911114987,1337.2373610132233,142.480727166554,161.40631050237673
0.26619770455386893,0.26957594475151475,41.859302450607125,0.27574014259545393,1741.947235377587,83.258545898007,303.92807367357824
0.26638282117734174,3.8343850496847693,0.14270148151889323,9.617508055560094,2566.335866406195,171.3938714165655,111.39841864484889
0.2665679378008145,1.0101484662791331,14.409482204278975,2.7980125887007237,2661.8085995663932,343.3099112758847,281.4998611346202
0.2667530544242873,0.13451346075600457,5.468753124116949,1.1563252737868868,193.48978470956067,443.6472214972339,446.7936973583541
0.2669381710477601,0.24188920552727491,31.659380319299736,1.2008298194935534,4937.808030189792,66.67690757212603,20.373100173515287
0.2671232876712329,2.517836691741059,9.327666113910771,0.648308209874153,4673.105799507827,550.3515799719036,533.1267469072084
0.26730840429470565,0.7739788380500082,29.576663044118217,0.910482951652232,1230.8252591142552,12.917216263279236,13.742537954301296
0.26749352091817846,2.4407599452560955,24.262750019967264,7.411610524901795,752.1107005722007,142.07003034261382,221.99857619320758
0.2676786375416513,4.519202412289519,13.723252835328749,0.850579005234007,2198.6588676768047,330.7964350723663,179.7250802939385
0.26786375416512404,0.20171861583344053,42.62335713241018,0.8419441272978958,1499.9000037626215,51.66799070282824,47.21486210797473
0.26804887078859685,2.374701524473108,28.51779877848609,0.0013653318747414763,2796.3710915125725,8.239984989202908,69.21669324806476
0.2682339874120696,0.27326527337504236,41.51126979667086,1.6058147042665667,4034.8430339776337,61.74414381487905,86.38109549115342
0.2684191040355424,1.123573254693339,14.86212991230384,3.31145424445207,2832.0565382859227,212.66036746652875,124.06320274201286
0.2686042206590152,2.992166318004286,5.303936296582926,0.1540381919559552,3912.5423209026753,181.4646608322539,118.23183878894203
0.268789337282488,0.4228484221221146,6.130392956105917,2.6873491368884435,1133.6297943800187,237.32147700228217,210.5601191555746
0.26897445390596075,1.4151119378683972,6.865118264181713,1.614298440207579,2589.6862735181617,51.77753761242128,118.1126072410051
0.26915957052943357,0.3849942738773371,2.8481520508856586,5.994731588053262,270.8695141645803,93.6156390389767,18.210311842991214
0.2693446871529063,0.6610984433294673,16.742015973656947,9.28398880252574,341.5359295748371,165.50381757445126,151.3832575691172
0.26952980377637914,0.20262379729224794,15.947290333402321,1.0397446262201286,103.95634667098739,8.651028308525627,20.473669559590626
0.2697149203998519,0.1306937959320574,6.686506751241749,0.836751044000981,137.9087987137478,80.70517837484186,67.47832081074678
0.2699000370233247,0.526608362874139,20.114320122208387,5.206114161072043,4394.730939016673,217.8331352880665,184.0522206450498
0.27008515364679747,0.22968667195535158,13.407565328419544,1.7186966974067797,2271.065856194863,16.71616115031879,0.3751610643796514
0.2702702702702703,0.0017476455453337033,12.735963592927932,7.631617484275256,1138.7243614742636,46.41897297296355,99.60654330751291
0.27045538689374304,1.3739515158792337,3.027717576077025,7.249609469606333,15151.115264425358,184.56186597922405,238.96632666238045
0.27064050351721586,2.489331599977891,21.013565385456918,0.6078920393179575,1036.0469987822694,176.87940267679835,268.1777581853575
0.27082562014068867,3.3396107064887963,0.5957110891886345,2.590823451253236,1019.6747059423154,297.16584231754956,405.9038605167759
0.27101073676416143,0.08941191934790219,11.900653208461728,0.6321377184483065,3319.989153208587,50.09454293441407,108.4666101947276
0.27119585338763424,0.5350654098803073,48.57479238890406,4.482288594432629,5555.859982683124,273.8635010315644,180.82739272628896
0.271380970011107,1.0355230093099297,28.05948344962101,4.476467255781469,556.2752544828487,195.94932320642064,256.50390124731837
0.2715660866345798,2.0688514716240354,13.981585504295545,0.4905272703811182,2048.1105790992897,136.49511821826874,155.915812015347
0.2717512032580526,2.6909902307986204,19.854423303852748,1.4258882539042266,1929.8127319543714,23.358360608119444,62.93373213378383
0.2719363198815254,1.3771400415464492,40.013304145178644,0.7461480310373141,2582.747473323541,135.91825392748987,188.2054829574153
0.27212143650499815,0.54988650621174,32.055964265512515,1.3046563581880537,4.743876503794964,26.300735080818104,42.53416890725156
0.27230655312847096,0.38679582880961244,30.36424996100498,4.4162051481769975,2040.8148806352551,365.82252027216623,532.9267868782091
0.2724916697519437,0.19756169071051116,8.475704215285095,3.4005361121004762,732.6550130034186,53.42107749605913,20.923151288298158
0.27267678637541654,0.7772652310941625,0.7375593253717209,1.2166952413503982,3450.8835727825603,35.33066528896489,54.43151129150506
0.2728619029988893,0.9046772657173936,8.95750422929983,6.966669198119535,2610.5259066052995,346.07234346160743,251.56402172906786
0.2730470196223621,0.5457548433729262,10.878856514927229,9.569169362335895,2416.323800819558,105.55022030048185,52.827480082160584
0.27323213624583487,4.8233047316525886,3.5448255920000813,0.05437865209512615,9159.65739309288,298.5375531811149,145.94748893583701
0.2734172528693077,0.1527540526798034,25.12873951318751,6.530538699769581,1567.531682337679,827.8335049516955,459.2107161755643
0.27360236949278044,0.6318455959396848,16.167359026733475,1.1050905980541423,4539.568250605799,564.948881051058,439.5644748723814
0.27378748611625325,1.3947177008199672,14.26607503092295,6.798994267090964,8653.986689362291,107.09638691438033,46.19162634282312
0.273972602739726,3.1503528770287264,59.60350428373175,4.598620284894082,698.0911578052418,48.393329617840834,27.127142877476484
0.2741577193631988,0.9381701412289949,15.912809687384028,3.534355269999125,1438.1790566780537,530.7050547247369,300.1417345493463
0.27434283598667164,0.7188305462331941,23.42161281722169,1.1022676721862283,2575.072601483892,21.75631334538917,21.969388412243273
0.2745279526101444,4.316843761986178,36.3102722414491,3.188278219015889,2752.768764494308,152.18265786387477,260.1136888664218
0.2747130692336172,0.023309824170979487,40.10319855088074,3.5662205532248876,1222.5126216209194,175.28282035883038,191.6477373379548
0.27489818585708997,1.1040920547954416,20.5315079062797,9.716425533127913,1072.8927718828702,143.69667252454266,207.57242114269224
0.2750833024805628,0.6432490410392703,9.000580421062653,0.1550205721246657,5506.459309479918,127.21421526893361,317.7123621242316
0.27526841910403554,0.8982215800339878,0.13636194028883222,0.7518011353366639,1387.4421442416356,249.57327513138398,320.24781126788173
0.27545353572750836,1.10054825381379,2.544416288797446,2.333063341106483,86.07885812740454,42.48227517123737,28.21845261473334
0.2756386523509811,3.1341414407784107,26.35744474297134,1.0259329776035817,1395.710925198394,129.25775781965402,57.547874306686275
0.27582376897445393,0.02021575369142321,83.73910662538056,3.9647993564413073,6106.5284140785825,24.456690318520693,33.86199059245147
0.2760088855979267,2.5538289131850154,13.732647451493893,0.06111453206635521,1453.567076297656,66.53223264757877,52.69034278149504
0.2761940022213995,0.381368666083851,7.075262515666699,10.57683606005921,6936.049337682315,271.8800556987429,248.38001146895365
0.27637911884487226,0.39794466812579066,19.30935733129957,23.491873927937185,1222.396602514766,88.57990234993866,293.24072429984255
0.2765642354683451,2.7170739352815567,15.640762546029276,3.524106223563966,198.10207752946073,72.05722871889375,351.2251692408181
0.27674935209181784,0.7922306090073681,43.0440811564386,2.4204945733233085,1418.105303913358,63.440728700809395,1.1749210413497824
0.27693446871529065,1.6381775235124585,48.84310556147632,0.1370643064688156,1195.3499069340332,19.99114045395111,43.08843881193789
0.2771195853387634,0.615969030885991,19.569867818199228,0.957333577731827,465.44424686295775,249.21999183433314,172.5476131706958
0.2773047019622362,2.262165577014821,12.958611333326733,0.09305844484693196,832.213821640332,19.318590395508995,42.753860962835695
0.277489818585709,0.6705722153313758,8.922359022592799,3.6304503072669907,909.4712841530368,125.44740979428353,72.48973153540139
0.2776749352091818,0.2615921724961529,8.921691096884429,5.676887659439893,1332.699674272254,154.61878761966244,51.88276418593657
0.2778600518326546,0.46700463361342215,4.460479829620828,6.2869544739744265,2791.6426532494247,18.349980279086477,0.9319160178053195
0.27804516845612737,1.1840745587192476,3.598387126575552,2.8680200847401154,8216.397843363377,46.910639541927296,22.44057894134534
0.2782302850796002,1.8136608061627324,44.91247234112738,9.037118934636819,3368.5915466132233,29.828634605767423,9.446065075590269
0.27841540170307294,0.07085180932570553,1.5403248910444323,2.749908873351304,1683.1409828188064,105.7256086330302,95.7277863087103
0.27860051832654575,0.5238884016962442,11.64397157416824,7.918130050146315,326.2455078447785,248.38546499438192,156.6673398537548
0.2787856349500185,2.8952956682148865,8.99644110035185,3.863109153962988,5575.271581482562,13.56796370801561,39.43634427999177
0.2789707515734913,1.4248440606719919,12.31120326832193,1.5229217981301326,1029.8130856356531,199.90718204386948,249.0660825966565
0.2791558681969641,0.10807825832027436,7.277378274570316,4.71402831361932,1786.6644599398282,462.26090403875395,400.7831233897273
0.2793409848204369,1.12412785823682,2.523328569212653,1.8570379701316047,761.0306425480198,24.90491375891501,42.73496803241513
0.27952610144390966,3.3003640762664532,19.04188358883129,8.019724212751456,1806.04060202715,12.84008375979702,15.183460297258708
0.27971121806738247,1.125591752676379,28.789852075928458,4.140875706945218,1914.7747765788051,101.81618985708805,126.73773406526753
0.27989633469085523,0.4753224412315716,5.837178568950699,7.467840820874977,532.9118352983276,52.380734682329695,54.732093689429234
0.28008145131432804,0.667402169561112,19.063531612495968,13.449515895966424,9035.242823467737,817.7785711818346,545.1539822215539
0.2802665679378008,0.30061259500311743,9.505441404068842,0.5696411335937017,5631.191486669397,442.98796070408963,434.57315408553137
0.2804516845612736,2.4662724527376922,3.4182253239223903,0.9558655331695093,218.44471384198894,383.02178339197405,426.5565858624958
0.2806368011847464,4.1283503779276565,52.509829496480904,2.737563946615342,6892.511820249735,2.369784176526254,9.975010724783742
0.2808219178082192,0.9302720445192985,4.129204390251181,0.41191675811400263,1364.4495403477226,164.40162181960858,65.22238870493102
0.281007034431692,6.938849116486529,21.339674928083312,0.6630456991186712,225.90596094177036,248.54020446693465,265.34070753637
0.28119215105516476,1.00844846853439,2.993526118603675,5.076246748866374,517.4743548248362,672.9408928620311,490.79151128018657
0.2813772676786376,3.095421547765978,4.355012215412034,1.5666785113971124,662.1593862971515,50.067778337175604,51.27182478707696
0.28156238430211034,1.9662236764005636,13.434337402751481,1.677614144967012,910.748100855401,11.758770149598448,50.32416225110121
0.28174750092558315,3.597044262013093,0.7172660729327252,1.8918454627528123,4671.072040951109,135.8998870230759,14.04068474440043
0.2819326175490559,1.2657380966857101,4.486216530561892,1.4621551985073573,3485.0043328111406,375.45238987265077,83.6812212304132
0.2821177341725287,1.5486261218382835,6.616491655197936,7.022083623720192,2603.2714862959924,174.76075393607928,65.63858605119691
0.2823028507960015,2.775481675850488,15.661489216833624,4.067203387464903,106.8320862728803,30.31558598726284,1.0537664648978826
0.2824879674194743,2.766064076831591,41.80297370190191,2.726184813479196,1008.1416801640663,5.953057579044368,35.39452967727104
0.28267308404294705,2.548724837727597,1.7967739225081716,5.195548995677415,2713.8240407993976,127.1357425372021,192.15341985090132
0.28285820066641987,3.5876357683000495,23.335173406809616,0.29582905965731027,71.5124262557379,162.35387471767058,81.23988990838969
0.2830433172898926,2.1863684532281975,3.606883369344144,1.1281771079583964,394.9904269095089,162.89459334119886,68.94317096919987
0.28322843391336544,0.2462192839745729,3.7812868427455077,1.8572836065052492,207.85008304229103,199.25977471752176,179.6272489871422
0.2834135505368382,1.5625865595057467,2.9890974081965314,6.932016021293758,6262.057093359395,77.252338085294,171.45872661884545
0.283598667160311,0.43622218752630215,0.16109541657158236,2.9109409911152753,4957.764322233722,22.359465986718106,19.774760069982733
0.28378378378378377,0.06409369100840609,29.78808203753935,0.8380712532738384,1381.9954285909507,301.09958966974773,207.24538617841253
0.2839689004072566,0.1175213497355882,64.47696352308756,3.9312970968262606,5479.111904537193,265.74220783529336,245.4771552493937
0.28415401703072934,0.21129792412200288,27.767578018594797,4.162842216254633,4275.670512980785,24.475030795584747,57.32148910057185
0.28433913365420216,0.3252499012470953,25.005570824563193,6.343112382279025,1524.0047454460027,477.88664891906427,540.8724646786219
0.284524250277675,4.086668412686147,0.9067330698403138,2.054027351915456,1650.562371528306,567.1606281348787,878.0050864566986
0.28470936690114773,0.8159183208259119,26.771282786484623,7.39682099618714,2564.3010402750615,323.23778300671563,502.30225591096496
0.28489448352462055,2.285736700289517,6.182774654275921,8.94106046500942,1184.0972602841975,118.65293097615775,306.4870711156582
0.2850796001480933,5.250782853523495,10.157019835430203,1.0237773334383968,2759.666311972474,243.5615631310654,110.88796154515707
0.2852647167715661,0.2595414031613743,3.689917695725009,1.645779851781034,4336.679318545349,131.66397324776548,79.3391196835511
0.2854498333950389,1.8242859249310033,4.452683745629019,2.1093255308919185,291.28964798525556,313.54490245842715,444.78471891056216
0.2856349500185117,0.9045033826563669,9.945964564051662,2.9269181679015577,2608.832059764724,15.78741036299249,15.756560594376207
0.28582006664198445,0.7096265522623657,14.003639751732443,3.836734379171205,1195.042943165739,68.10250059538069,30.40970193868498
0.28600518326545726,1.4635271762300126,2.5761416885415263,9.624839779530458,933.0642510220594,5.974105789294892,30.63041377265728
0.28619029988893,3.57041314015277,15.319099889259917,0.0011830474324988286,1446.7618623106944,111.52238972634807,59.94625688643724
0.28637541651240284,0.10109749171926054,9.944381279814051,6.661106313706651,1087.4998419202077,160.8153183524727,83.78364254293719
0.2865605331358756,0.5172320297343572,12.296587201964115,1.7840150525710938,1466.4760956115965,15.500746293541107,26.499636137988773
0.2867456497593484,1.5019891196154807,0.2360503202098447,0.6871972569285676,4548.791956190631,297.26149300171954,320.19411488002885
0.28693076638282117,0.14239873787617635,10.200113880292182,0.8055535764049158,2805.90595876807,22.126691334465114,43.10628779722009
0.287115883006294,0.7210889269195578,19.88247334080414,3.575481902024776,1693.2872315592663,96.89718132159828,192.37644902702868
0.28730099962976674,1.2800856169264025,7.176233599608425,1.17593262029845,2082.9884845783718,50.36563002376622,21.25719943362562
0.28748611625323955,0.746840769586686,4.32544928879266,2.4183910174287915,7437.8700258612425,14.231349016207579,11.46420141448537
0.2876712328767123,0.972049962441011,10.054770507749435,1.0015348637024943,2694.6381031542974,139.26477288688682,259.78680512995834
0.2878563495001851,4.50162958967232,19.743511429835465,12.550310935320722,628.4736933921661,67.17297669610093,136.1372472568874
0.28804146612365794,1.9160705438288694,16.136266561052857,1.4727189323510592,5738.880038857278,25.200223500050477,141.6971161857162
0.2882265827471307,0.9201029079523525,3.441452008864373,0.09937368207041763,935.4008260556753,27.289049101835698,25.94878763882194
0.2884116993706035,1.4222417937995575,2.1070812383225195,4.883402375300547,4623.114234987854,284.3788020501641,318.00679938552355
0.2885968159940763,0.8511629866064196,3.5546487996576532,5.835303281882587,2089.3705585233556,538.0773319740302,473.0322655492666
0.2887819326175491,2.3780483222775963,29.90725739800821,5.258483630782468,9392.694211180284,89.83129464496274,94.82744377483596
0.28896704924102184,0.09311528031681707,8.76369251981321,5.238645584864744,1852.0139631893298,212.1178163402329,91.88977791201717
0.28915216586449466,0.41882134343100447,7.2178046705315895,5.054196571973935,6529.12686879731,987.7549671669867,684.3721632607047
0.2893372824879674,8.439172399460665,23.705979972113433,4.07875006419322,233.86012144342297,157.0198055525593,86.8044923952779
0.28952239911144023,1.198259057558393,22.60548040610595,6.750629733656829,904.7900016991514,35.3606157843665,28.339244429833123
0.289707515734913,2.187223368877681,20.71206991726181,0.22663567083788946,2251.9679777786178,101.14671212108897,76.25450755042486
0.2898926323583858,0.648320034739575,19.771904912847624,0.7431041507647849,995.069012621907,2.601343634830953,3.9434733855460142
0.29007774898185856,0.523620192556686,44.09020258773968,1.2577165814891602,3069.596289634248,511.73997430165537,469.46207666572934
0.2902628656053314,1.2356304571101258,1.0499541891569244,2.772969470694429,384.95094662425504,417.21869511125465,531.4897305285144
0.29044798222880414,0.24953993924596232,2.347956846576775,0.32620563422047116,883.3104100459464,180.36341746871628,154.81960559787785
0.29063309885227695,0.8153947462463224,0.6561843562887371,2.83600953846243,720.8911444611774,201.76011596654504,356.5880190912596
0.2908182154757497,2.301644925604304,45.72622520094649,3.557968946213979,4703.808324171512,490.2328840345641,602.1255390655477
0.2910033320992225,0.4952629870397274,12.34694887077913,2.2917981563589502,8248.124936564382,179.7702493858211,419.5902451473286
0.29118844872269534,1.2028522581657535,3.2611984782272363,1.052271160246113,7256.195647337617,189.60118466756165,248.5764164525619
0.2913735653461681,0.644860702453602,6.921725407008004,0.16952595728836242,3.095340756407332,138.68272618698487,133.77623398731268
0.2915586819696409,1.1105918875533822,1.5223336424383482,1.9407535097905027,3873.1174532997375,10.440530864319266,20.175342507568555
0.29174379859311367,0.022301107456455454,5.534400127282817,0.2306135309066169,2462.0630303768476,71.98526865806431,100.56353552863291
0.2919289152165865,0.0738669953594482,75.7278302409879,0.22001189114005673,3041.3372321567604,248.44240328353152,361.6295927919206
0.29211403184005924,0.4352643203860976,2.4566020975462246,4.1386908357477274,385.84294063208324,223.75462077312582,185.36822397283967
0.29229914846353205,0.5734614158711255,12.505086701606173,0.16585151004767462,323.53283929504937,75.75755168676446,28.496185234607523
0.2924842650870048,1.8042432133285813,21.51581180571116,2.0593641030057483,861.4110895256357,137.54775530716688,218.66843500757562
0.2926693817104776,2.5868046340705413,5.734261379751685,0.40755866334149365,519.8427163564883,127.52523867098056,178.61540901490739
0.2928544983339504,0.16997090150108468,2.8739349465915014,0.8035442288383483,329.49872088364623,531.6925407346091,722.0036304518453
0.2930396149574232,0.4105368076191397,9.19950369356657,16.836065054299677,7299.074650650601,129.6071591041083,133.80973620309388
0.29322473158089596,0.30923571555576884,17.615260943118262,4.773030242083142,5621.116540080996,104.20965014530123,96.64451755656246
0.2934098482043688,0.9902016172255751,3.260291389967706,0.3532284398700267,1225.2341415894089,156.04510047498616,307.3680524412543
0.29359496482784153,1.006958241337239,7.852833813609789,1.2516172407871196,26.4521050322801,101.62148227251164,97.5862185066092
0.29378008145131435,0.2471187597772615,1.3122489887618167,4.659691339119239,12311.055077741436,20.328015140896472,23.940118915402476
0.2939651980747871,3.0156360888874763,7.192446294868644,8.031129528999552,4230.245929592039,167.2727324219483,118.73990699553862
0.2941503146982599,4.061829552327546,14.381351469283448,2.762707568280237,1545.2054208322365,65.62212687337461,31.91003324041967
0.2943354313217327,0.10827323908633135,35.75051748872931,8.099873911639692,6934.27135202968,54.92093855406402,88.05192325596319
0.2945205479452055,0.33770927020913655,20.704256757700268,1.1131099025446494,4448.10173552681,206.43242666601623,256.3898979666675
0.2947056645686783,0.9411332430303262,10.53457429323892,1.3171068243722466,2198.0342331326588,165.10695345003248,129.75904672804612
0.29489078119215106,0.10382862182618265,34.098115494563025,7.486699493176158,4507.874648275053,48.09156306462825,115.85254558172284
0.2950758978156239,0.2598579668119798,14.571153742053784,0.5152623581446212,1351.2587660563597,38.94584757776622,5.680256561107064
0.29526101443909664,1.0738014767119652,13.285525729511692,2.4949627967963077,168.4283135503597,175.19724965300105,180.9838949534507
0.29544613106256945,1.2358575540906906,4.2021164131865705,1.0418216820865005,4101.948438482716,70.84880454306646,136.8659295272465
0.2956312476860422,0.26758702348980135,6.817423398305176,5.7999183297625265,829.2106773479759,29.557717834390814,101.5160252479853
0.295816364309515,0.9157448509784774,19.274091228198337,1.5777745090114443,2259.6528988569216,31.434838053794618,32.23507277613154
0.2960014809329878,0.29603585102687385,19.24629965733212,9.47021571959206,451.04462156495094,46.42177825221231,99.00088966821055
0.2961865975564606,1.7205918278546797,5.62585563068723,0.5836738176986669,801.5215622882653,141.44276565437136,214.99535997832405
0.29637171417993335,1.087413437227973,33.59080096283347,1.5653978042813546,3187.098193032519,130.6728332661883,224.4863694052167
0.29655683080340617,1.564402842344689,0.48753070952870303,1.6602430179987397,1461.936384189694,3.3483897952887176,15.607859796495648
0.2967419474268789,3.930611952690052,21.621753741623795,3.275623213078332,11056.130988721588,28.839673653585955,59.741222692025396
0.29692706405035174,2.1276291972320234,1.0996058216138365,0.08528888275506019,1823.4223408904932,77.57336899428122,124.13753433519341
0.2971121806738245,3.73597179940378,9.336637373566296,3.597998806218131,6329.86758369732,827.1198446603441,1061.625811874763
0.2972972972972973,1.2377383573223049,1.5932063114996577,3.360136091555717,3392.863228887449,18.938706110505297,9.617478871932223
0.2974824139207701,1.0675999424713172,11.304599087777587,1.194624600598294,271.38038959751486,187.35373677445173,167.82883005610384
0.2976675305442429,1.3107681328123404,15.293825479628541,2.45371113972522,818.618261580375,343.25146094589576,163.39463388602323
0.29785264716771565,0.8895562101118897,3.039296064819119,0.9974754022188613,1869.8092042217736,94.31900577257315,40.85774798537441
0.29803776379118846,1.17565429265731,5.482431590639507,6.449667942014949,5584.847527653059,170.25966668900287,62.707561884797585
0.2982228804146613,1.6040953106513638,3.4526523393398225,5.018824522884516,3478.5750780104704,325.3967628249773,269.38197427930925
0.29840799703813403,1.8900201674668127,43.491642460646425,1.3667798420236137,2133.3250395682217,355.1515013593218,341.28625060498854
0.29859311366160685,3.9875364389442636,13.08131517205066,8.116208304212513,2757.7558239201853,76.6082111743551,70.46773693829103
0.2987782302850796,2.8108426665900006,6.462387965072172,3.5447780078241986,1773.075993165662,40.32705697080211,25.081644109520752
0.2989633469085524,0.019933075300913015,4.324041753089906,2.542472238832826,1909.9010935872236,39.47850149119905,4.3273417540232515
0.2991484635320252,1.6872485329301061,28.70439766483285,5.169842526649231,3104.295933561357,49.96998770899797,25.039571226708507
0.299333580155498,0.05966945160523029,5.087602712086527,0.26317370700339215,72.94152118589221,78.83397374562433,13.733748858111715
0.29951869677897075,3.8513627236882635,4.789882746442759,5.6364915638753885,1460.3206758637305,26.254270015451247,70.13376978873178
0.29970381340244356,1.0042164278842347,12.38664933538864,0.9349817159282209,1544.309880668799,37.92537863476362,152.71687367010946
0.2998889300259163,2.212918233829909,16.515327422083615,0.12114475263158546,4830.682774794546,59.043864367787094,42.67149028341184
0.30007404664938914,1.1389976856921513,13.16169595318511,2.0603446553694975,3971.3938836458133,24.716818812666673,4.887771539993223
0.3002591632728619,1.3906976485833709,9.468010166553372,1.10353574566147,992.035656195262,76.02996004783522,125.40520415726228
0.3004442798963347,4.827658979643718,10.292571966284699,0.8459814712773945,1030.733317321258,116.47231061437591,161.07397771083956
0.30062939651980747,3.0038515623452966,2.1092255086734975,2.529524323853432,527.0500301125387,39.29334211192836,97.03469791672288
0.3008145131432803,2.0021319735596124,37.309215641457634,1.1729314041668344,782.5541699480588,102.65877754047042,28.28586491328837
0.30099962976675304,3.4877665147442327,14.110318024915408,8.93128819328438,4353.1620373368205,40.76202576101133,7.41936200556949
0.30118474639022585,2.6609357930301187,13.808095584241194,3.3031919638405136,375.5122330993735,214.37524863704874,273.0821359265502
0.30136986301369867,3.6233875489244376,13.305552164272997,2.122928372113028,1707.4969052594279,274.9476838326439,246.71826971051868
0.3015549796371714,2.0717105938630347,4.403533579216609,8.66315742151589,445.5719259619649,205.96021133962654,144.68838035116923
0.30174009626064424,0.22260953547283402,10.548293659525514,0.10570913348979083,144.11405531044943,184.1057996193889,216.67478157177678
0.301925212884117,0.4051661453314808,8.818375045848095,6.142034807447973,2238.578596359082,143.35174465560337,257.99680029082117
0.3021103295075898,0.21466359649885317,34.96539522736978,3.130726527169848,1082.8184349536207,46.3108021557113,13.075843277475238
0.3022954461310626,1.4495499051850493,20.415195414557076,2.312462436229847,1547.9511438619593,209.86406731795682,373.63615577115195
0.3024805627545354,1.1944548779742599,4.441625582510566,1.6391449921945187,3375.3511793247712,42.99416426649107,43.23932402412251
0.30266567937800815,0.1117380434562494,6.3871684946675575,2.230527599926888,6987.976975215281,177.1729964745245,160.7750626454913
0.30285079600148096,0.47317760216924626,0.5851446123782661,1.6361404129634916,1239.2597267990063,261.4308175066566,343.26586663160356
0.3030359126249537,1.1368787144393924,16.089648513266916,0.5701053600464587,2298.619244865559,19.359071142859715,16.966487815863207
0.30322102924842653,1.2692042129046681,12.950085888474964,6.390733731152676,3579.8191633955785,0.030000778784240865,30.505753459944525
0.3034061458718993,0.7230956663739588,28.753073963803814,1.564604854677429,1067.7463310058924,15.534810130740574,16.955971763577335
0.3035912624953721,1.1335073919881549,33.94663751743992,6.375540498935072,2486.8950108261706,138.64919918870305,262.6016545995268
0.30377637911884486,0.11303485922942623,1.1452712733811683,6.469942412986392,2970.7011960581444,104.76412724335435,30.31665085922444
0.3039614957423177,1.928075377969907,34.39581621301052,6.272273021608737,2175.9193063854464,21.03204529063324,45.61612128575638
0.30414661236579044,0.05533401955878628,13.211071536137522,5.104798447955452,264.28870760967857,21.879020404064164,126.60677533045296
0.30433172898926325,0.0864201638736702,3.2530882163273396,0.06341395712095672,1655.3499632226676,140.77219504454789,115.24561286638101
0.304516845612736,0.860809922940349,13.322010875008418,7.2784149350367215,1517.805624081243,128.84656885365334,203.95100190643103
0.3047019622362088,1.7709085908443238,1.1201891956395669,12.012472100188074,2637.6295019928098,4.673194779107127,7.839772347215052
0.30488707885968164,0.3923788249468449,34.61864776031763,0.09765767502791063,885.9626545235888,7.014663906456429,7.740473255244569
0.3050721954831544,0.9352627298378302,12.249031664015313,0.4196832623178742,5616.494617710415,286.8994063208732,312.22977887886327
0.3052573121066272,0.9907800475846849,3.836528166694347,11.928285458497712,6322.68286133724,17.23754912218294,12.09736006165488
0.30544242873009997,0.1375609576186248,8.735466799546744,1.2694617000788924,1679.2206125512382,22.206620893422897,63.60900474362929
0.3056275453535728,0.4899961421882725,20.959749367613384,2.240488302053128,2759.566601773037,30.48933758019162,42.50173553390848
0.30581266197704554,0.45009214561361016,8.186870195449364,8.48809990080378,5051.699107257912,19.965308051263264,5.261518247633672
0.30599777860051836,1.4679442657585495,16.07841244395738,5.537132251325195,542.7884101204703,215.97066630370253,82.80242803697509
0.3061828952239911,0.7111046742819156,7.171173055235721,10.215092248083934,1271.0591930334342,342.27500693992397,377.9709277064025
0.30636801184746393,0.7654686669599989,10.578059690814579,4.200638918573489,3450.106486642439,94.41104708763883,27.346447878038354
0.3065531284709367,0.10495556975670742,0.9784378183368586,2.417659220647853,2535.069706984752,152.83621924950276,213.5712535266167
0.3067382450944095,1.3998018445191793,9.66846413315615,15.216590965694218,164.08816543914875,84.68300731652754,56.71632230925928
0.30692336171788226,1.5337773989564303,7.673937132079709,7.13548382540574,3153.9124081352215,406.4200300446234,294.6783198062576
0.3071084783413551,0.1792649927148944,13.658475560339763,0.33829338453028684,9856.024553265963,443.9693644748775,564.6390417896573
0.30729359496482783,3.7839510906914007,6.407771197216537,1.5066824234976401,2128.7166763180403,145.76087399340798,156.87875608231755
0.30747871158830065,0.04559037932382774,2.0697229994121247,0.453139483673625,716.812627319589,111.71785898767143,28.99560797245586
0.3076638282117734,2.433241927902709,23.820018412181017,3.4544845489480664,4504.071921328387,200.64819912687784,199.87944917057123
0.3078489448352462,0.47748571551064123,8.81202700146957,1.512682738677469,693.7993961284445,354.0017603362386,238.5558358196118
0.30803406145871903,0.5159154914778128,4.096891314790309,1.4919096862271533,1116.3092823346217,49.11010580794972,1.4248768303953325
0.3082191780821918,0.28334053321286257,31.637383694160967,5.1760684725311465,188.83920747250596,3.7143760501710164,35.56779076709948
0.3084042947056646,2.8768785120237865,22.947118690318018,3.711862417713806,1755.5738514910543,103.11504410330102,248.29772521050953
0.30858941132913736,0.8500106140527519,25.32262046872252,2.863664520392384,55.74895180884609,193.90314994657402,260.75656590741124
0.3087745279526102,5.438188955142385,12.576049611514513,1.12229111582558,254.9980807657332,232.90046706407622,313.8519907742626
0.30895964457608294,1.4233518284848732,28.04222769198446,3.9428781191420716,532.0818975821165,165.8313455738315,233.38604274827372
0.30914476119955575,0.5650630724121182,12.68823578738697,2.1927291227032706,278.21686666476234,145.36499783422613,284.4272042733186
0.3093298778230285,0.41545098400768543,9.499633840149768,1.4796814373193217,915.5046311616818,544.279403997648,573.9201747789043
0.3095149944465013,1.2208348707254117,1.9003859524772522,0.00866820948849658,3699.696065716085,609.9527860640497,589.2834719245577
0.3097001110699741,4.481829908987038,2.314525529189021,0.6504620538546019,6278.887008836778,406.9764995074161,181.4008103344364
0.3098852276934469,0.6195337794948479,5.584032004652598,1.2602261197720404,3651.854500211101,141.5475455718281,137.73804433977386
0.31007034431691965,1.3352985901225458,2.2663067230213687,0.5789752439202365,104.75213137173773,222.5022196121944,137.10199753978665
0.31025546094039247,2.4353476856813994,16.638745155042475,7.001063977956265,1913.079442708524,118.36975876886397,135.6824441784056
0.3104405775638652,0.3379296067852043,22.578684171447406,1.6674707909138016,3237.1494442408457,789.9709978953887,528.8189949836707
0.31062569418733804,2.62612169323259,0.36028263471819627,2.2404369879607295,8416.214431221208,100.77488259592049,171.28003272962263
0.3108108108108108,1.4359995261991887,1.7865064006628617,3.501555792825146,1651.8949183041345,58.65516050871802,151.31432006879479
0.3109959274342836,0.6948793892726434,29.69954190272594,0.5756078083032593,453.3858575826128,416.35591319587365,472.60731190051615
0.3111810440577564,0.3075452610010436,14.138160975720226,0.5433988524363748,2361.391086675282,44.18268100037317,103.76056496989291
0.3113661606812292,2.395101849808867,1.4799586388974992,25.09643410534181,3025.5953547077092,396.5099360436754,471.88614427479354
0.311551277304702,0.8639255644514996,13.62184159951046,17.334640682169955,5.860814354368656,50.0885359134178,13.296887370664386
0.31173639392817476,2.482097035833619,21.419373915722236,4.228793701801971,3637.6226493071363,23.982572818218845,72.29770467952646
0.3119215105516476,0.06379316028232618,23.013020488264697,0.6367083926399348,5559.196420733175,94.46791175941384,61.69012002270254
0.31210662717512033,3.641540284414694,15.370252276114,6.190591348963481,897.5596160645181,387.5597117535363,392.41801183144065
0.31229174379859315,1.6422805418132012,27.49190276373248,3.1283029692100053,7869.446842392184,539.9312692259435,615.4012241782883
0.3124768604220659,2.167179003997351,1.3657097072368658,1.5323175173571826,2148.388284877917,741.0152068922015,594.169055735344
0.3126619770455387,0.30902939507972566,2.9746904153690075,2.471519475100116,60.21036743078013,118.43204639340651,110.99060340785539
0.3128470936690115,0.5313766694161649,2.2212217195696695,8.325410528762486,1642.9880574629692,18.712286787253362,24.563219175765383
0.3130322102924843,0.7367771682367977,39.10941651327932,10.521758242417448,361.72039159866773,37.08759453206046,45.74825552065229
0.31321732691595705,1.7432216458793321,2.4756338592114813,1.3920771346279364,2342.0782810815294,55.93638331036458,67.97648788356531
0.31340244353942986,2.7745900342619456,17.25517930380391,5.065533310211537,1924.584852209718,289.7457206604027,290.2357228086397
0.3135875601629026,1.3379241667800732,0.07879912720536247,6.892058753666326,1374.8538566463305,282.28050269009293,311.46091136361434
0.31377267678637544,0.7037557771912538,1.925305285338609,0.280439850484438,616.7640045672981,140.97322120231658,80.9674596812857
0.3139577934098482,3.3939382795848645,18.64838474872456,1.1377195527384052,2080.561138243144,235.90420875281066,154.2299352030592
0.314142910033321,0.5874870586830488,29.072479937938045,1.535696691520656,2004.138607268088,89.78914815700622,167.39103949715124
0.31432802665679377,0.3161368743319185,10.245614686029958,0.20927061378499454,4034.077769225821,296.2990203136731,480.4603001283799
0.3145131432802666,0.59828048908949,7.412323546494722,1.989293500686706,3228.042025356476,186.34307409735857,385.41864534872855
0.31469825990373934,0.3721670869676679,35.58294514450093,1.7268688503550453,1502.5002664004187,270.25811323618257,479.48497210511505
0.31488337652721216,2.7392721137745903,12.33434006400221,1.7364677277797478,4009.053372137852,141.29667392810057,104.87675049913759
0.31506849315068497,0.5588860391971063,0.6302038382866252,9.61024609392493,250.69032983167824,474.45807565612364,588.2961588582183
0.31525360977415773,1.9260800706931724,4.153023910860861,0.4137425040121703,1669.7483769421033,78.89867029950626,138.53981403739658
0.31543872639763054,1.9388380628844952,19.216828177082018,5.564476211400819,653.6930156815449,43.347685398375354,83.03600132608177
0.3156238430211033,0.26383669613216965,19.010579073162212,2.3473697291746976,188.4728844119491,11.053470172648165,10.592587656568453
0.3158089596445761,1.1255798127259227,12.502827292833075,0.23949894443908734,2331.821683829193,63.126734067786316,106.56185787742574
0.3159940762680489,1.8744151564860059,15.730146045340167,0.08240672130321479,4884.687519641079,897.850643373939,1132.8517389499093
0.3161791928915217,1.2730673729734936,5.815931477904186,7.8780476002158535,96.51737241464267,1011.0269657029897,1183.8596484954714
0.31636430951499445,1.6545150121460086,4.067494445085459,0.8620352342414946,1556.7876598911646,156.79913034849568,191.7324291811522
0.31654942613846726,2.1621726583342595,0.4545472565368633,0.152785764932551,1539.092671874091,236.15186755018493,225.588161260155
0.31673454276194,1.4300361029446316,10.530225162155784,0.7360713338039937,6474.333972630277,143.08770177252427,176.3075071313395
0.31691965938541283,1.2077860926248771,5.4587573091740555,4.277693202042902,2354.7235467702667,162.29010781665,208.60937915979355
0.3171047760088856,2.476295295607704,4.554033913569982,3.6516474624438,1316.7831082428431,186.22342526770555,265.9339573870418
0.3172898926323584,0.4421900754801108,5.42344878414579,0.0173962982258977,154.7397344303707,2.1885643281153437,66.22831060598241
0.31747500925583116,0.6947466772251012,24.518468086369772,1.4258198534862654,257.7288585029724,331.14901842625187,166.24412740440533
0.317660125879304,2.829532961406256,29.096267280958752,0.009818424276995624,1128.2085737070104,363.57926007777183,370.47130894512105
0.31784524250277674,0.39618971095989824,6.309021730545986,1.2330790179189626,2101.300216932644,18.677989137980653,58.73249498867313
0.31803035912624955,0.6995560469400424,0.9811145319645067,0.484452581862905,2413.1115948447996,234.0064253249105,68.88081668783849
0.31821547574972237,0.15817591864527325,23.5034186054266,0.3995024989090505,15949.233578519767,131.25462446174674,110.41876464465363
0.3184005923731951,0.5783136833121987,9.382226755829807,7.313903416570135,104.49294464579211,94.94635132177551,164.7305683699443
0.31858570899666794,1.210907213898359,19.918748791444816,1.4798644945399593,7245.147270497979,122.76876117951221,161.4492167688393
0.3187708256201407,2.729440676558666,31.162302499742683,3.4396612217157676,3642.7491844408823,189.81441151695165,330.4943929833567
0.3189559422436135,0.7947485064344568,36.385031070189505,8.85668604349262,651.3937944246937,317.2435373472525,364.8555237622737
0.31914105886708627,0.2673608209359683,1.542782621985196,3.9704530267866214,3599.9644521782193,12.030577710559971,11.959165450490472
0.3193261754905591,0.9091396941847674,44.68521160447439,8.083257613843369,8472.386081323186,19.287071294864216,118.67733451836132
0.31951129211403184,0.833836481768687,29.270010082756492,4.115294221491758,1487.5806446217182,33.166144825670244,50.39299335582611
0.31969640873750466,0.17373400991011365,1.7014649645861895,1.4720525752698566,464.41011994628633,26.52523088168636,128.4087420480522
0.3198815253609774,0.16293156085528612,3.5312699200331643,0.058725554208908924,1450.0547361856543,5.192793376634125,35.346768024806245
0.32006664198445023,2.5914647855182396,10.69185733253955,1.6507213772955678,1490.7587415967523,423.97740616258204,460.2106358150029
0.320251758607923,0.1878203955571005,23.7393381998134,0.8559882901345987,2373.546000253029,41.76633770971582,210.80571479794418
0.3204368752313958,0.13449890133737571,0.37160791153114975,3.461403010684317,2154.9178945031053,42.13413462274423,48.41675412596334
0.32062199185486856,0.484111080727574,10.504280835831858,1.0470782769112035,8234.723517101585,288.1014206780087,242.13588542856684
0.3208071084783414,0.44124419447918234,3.6767983086096248,8.235838007245922,204.05251189663193,192.19794459498152,259.03930755500204
0.32099222510181413,2.258545528496562,0.5155110300099205,7.881443107388093,3392.7521770976405,187.28114972315882,255.14613722916326
0.32117734172528695,0.3857941804618468,10.881799469128245,0.04468373782371296,246.2894868213621,20.52143251545361,21.69518994848301
0.3213624583487597,2.1602717394746276,7.125039548212436,8.65412079205431,1174.519008885609,108.75071501348897,24.59996901157859
0.3215475749722325,4.463650654105173,15.955108526910923,18.085616881498197,72.90088751389636,23.832808600837772,150.6775175674019
0.32173269159570533,0.15646744308250568,13.991929582103118,0.9692407791963503,1680.9202645915134,42.15427269293231,48.85590132272305
0.3219178082191781,1.0130051202675028,1.8672956064161763,0.185093513380921,464.13825927543695,302.5166117271506,397.3054246134556
0.3221029248426509,1.062422453313769,0.8385793302637273,3.111059686864681,233.34069284391714,60.98800337730122,52.3032953898442
0.32228804146612366,0.4383396418195776,3.090346266829478,1.0329229794055261,2285.9446431410765,130.83218648557425,214.72882298385886
0.3224731580895965,0.6988957173853151,35.93957309636518,1.8034228402648678,2087.9060853835126,185.68291872893735,291.5861765103421
0.32265827471306924,0.5610834174006931,24.871595821190176,3.3617446552271026,525.7749712164263,72.72864582070694,94.69505670610721
0.32284339133654205,0.4816911064094077,25.28752037598324,1.1591658347848104,580.8232954410412,148.00767995437332,62.88103310589063
0.3230285079600148,0.42522693978527987,0.2605980735835715,2.5414241749062296,2100.5795738174097,249.0061349785081,301.05814139232336
0.3232136245834876,0.10784287659215026,10.687704020439508,6.670237446639112,3509.519171294357,13.873128823454772,82.12392138958654
0.3233987412069604,0.13030553114289337,1.003819387561615,0.9764917023718785,4008.6338984232616,213.21184449547508,295.2189459481209
0.3235838578304332,0.07135787783267689,7.534614832563802,3.8122533772217917,1015.800964873762,127.72320578259198,40.99387002290425
0.32376897445390596,1.0050682848130965,6.336162139413193,1.7690399276300508,896.4668987454883,202.88503525616275,328.9620126608108
0.32395409107737877,0.02582360972216329,10.674249019473827,3.5641647303803197,2165.875067879844,363.5387702617246,302.5923476197844
0.32413920770085153,0.2870604757918303,27.720450519289287,0.19895860284748626,5353.697329860418,6.554796222113825,45.11452541518812
0.32432432432432434,0.3167153333807486,18.491239090022177,6.415690225760796,4691.314276034511,54.66875043899219,194.29223761742932
0.3245094409477971,3.2872922427968456,2.853935913290626,0.282986811824368,1658.295668134235,213.79562510506142,97.69727670332922
0.3246945575712699,0.06387305173726827,12.122638143045204,2.1874925654188706,4655.796361514077,16.928130400451547,45.21772042306476
0.3248796741947427,1.3742898797915741,17.02819812508935,0.5937183569033729,2683.4058750725158,62.424481563403155,57.47064981878267
0.3250647908182155,0.05257311876839593,13.707546100888868,0.39900655161250165,638.321430206344,122.94716796928039,59.43787581121256
0.3252499074416883,0.38827661822825943,0.5786387958246635,2.315030611367903,1599.7179773754333,46.27688556647897,5.604383381672414
0.32543502406516106,0.11400031014197365,26.69997386382037,0.297904389274471,4069.134210763453,265.0385858367446,216.91584221207466
0.3256201406886339,0.5283520229991863,21.898625800670867,4.288545474898811,2981.1605498678045,115.79429150462816,138.1691201870268
0.32580525731210663,0.11136585346676124,18.469615714811635,1.4809098192089953,150.54471277931094,52.61450473518877,126.71958771211551
0.32599037393557945,0.8642184038617237,19.318463171952047,0.7427022359997509,369.3673855151843,4.036430591809627,8.608942015424411
0.3261754905590522,0.7050441803930785,1.2722656018791731,0.6475609958017035,2703.9301107668416,8.322505606155623,36.16968969562588
0.326360607182525,1.2655000816362638,12.904949590675052,0.5433626944425877,571.1565967218658,127.85949289079375,47.67695383273855
0.3265457238059978,1.8234183790230583,12.82724721350914,1.607270481733363,2713.463816258694,213.73700902341398,190.70689839212224
0.3267308404294706,1.2058052444722465,5.80736738921422,3.2485681241056397,3749.3240507205323,319.6435244013452,414.26568365176877
0.32691595705294335,0.5738574929351307,11.51297027705966,4.136849897214406,8158.041469178144,140.46676481586135,312.39433035119794
0.32710107367641617,2.874208743485715,11.340385034576428,4.648843880293357,595.1550751814303,65.25415235130225,342.7071004201722
0.3272861902998889,0.12090884508002653,14.025600169235458,14.781899963751279,795.0624580313661,19.299102641797745,79.9504302566529
0.32747130692336174,0.22711098405903415,0.32630128115198187,3.3297278355356648,2469.090620789104,12.855657707164301,70.40315752079164
0.3276564235468345,1.5013560719122085,4.4487730692436545,13.953087616149055,1494.492065988689,43.68611796038753,41.732025938915015
0.3278415401703073,4.020454936271043,3.5789960890067767,1.8269142344965923,990.3024387956289,80.27486917882639,127.46797261200075
0.32802665679378007,0.46173587984538284,1.923346989532095,2.8905556144244278,837.8064637857226,655.4977098131681,605.0779431467288
0.3282117734172529,0.05951573462545411,26.144642235185742,6.1803971772458,567.46995122231,269.6809247452421,261.81991356997327
0.3283968900407257,0.5276697720685906,6.635077175312403,1.7687563465426004,6457.5796851966525,17.7667791345823,8.753385717812819
0.32858200666419846,0.45647636712123774,5.373605455176961,0.4278816479626109,1718.8705714423281,429.21559726135973,620.8608224526365
0.32876712328767127,0.43836507188939616,7.7220448478706265,2.090125884369469,639.7226421217172,175.11863655306988,144.21857912330492
0.32895223991114403,1.2881486747468145,65.43066420216866,0.4411748928133929,713.2085679803622,120.43413646386094,32.321079481655
0.32913735653461684,0.5167432273498519,31.596279286280446,6.2442055539075,6265.330164296502,61.4513408370766,181.0762833462595
0.3293224731580896,2.4827656664039544,9.96122006748778,0.3922082105833945,4252.859101665962,63.25230139137767,99.47307896863832
0.3295075897815624,0.27765086346785445,37.36743376066632,4.010810520618245,570.8361935067813,80.95935406892605,131.9145949752754
0.3296927064050352,0.8220309208570508,17.923830428401708,5.49553297968281,1758.1485998107914,59.25371543778244,17.93485313759981
0.329877823028508,1.1517796570323453,5.24364727914431,1.142803954930042,1188.186693456905,124.32321190705677,155.2684764056044
0.33006293965198075,0.9005929663654831,26.47293429716034,0.6194038440600208,1983.9308431712868,59.898524433919576,86.93949815526807
0.33024805627545356,2.4272918815289715,1.0905224822377155,2.1872674404564427,6163.8965350488725,54.69251756453212,120.02072612419128
0.3304331728989263,0.49331436484122754,15.238722112352612,1.3394360390863467,1526.9736684630243,283.0189812407954,299.8301258426154
0.33061828952239913,0.39820979146240343,4.66712141588829,2.2332271496179605,2170.6944490934284,46.01092237936436,17.368554398048957
0.3308034061458719,1.5196507535430888,14.127972651504983,11.155822459591706,3647.3723040181776,69.1187212673487,110.16494700850119
0.3309885227693447,0.7695008924777699,9.745569065012361,4.316930000489918,1422.5562000455966,248.66641283158629,211.38723403547314
0.33117363939281746,1.719438869926317,6.506141011010764,2.991113437264362,189.23257284312288,63.13648191966366,123.15249984280918
0.3313587560162903,1.7430493373778793,12.438847684617171,3.72989035803674,3821.8759760911003,104.66000284652085,28.209195723098727
0.33154387263976304,0.9428795190463638,17.515778153250935,4.587637047250412,3495.945318881407,405.7341311776442,194.2972377014113
0.33172898926323585,0.22728041460695464,25.904097160716674,8.887903094399222,1418.7362296367535,409.31518698489094,378.54845371199065
0.33191410588670867,0.054440980397413734,13.635737077085741,3.598682142540878,780.7002292245229,40.6268312204756,52.366086928294344
0.3320992225101814,0.1354147122633881,13.413818047337857,2.4301417268371193,1445.2038842240574,96.80228769778647,41.16521699497084
0.33228433913365424,0.08347502451011672,14.52243261118034,0.736064062090229,1664.023569224679,124.22662591560993,42.853200999428
0.332469455757127,0.05817905522980568,0.042226850207156365,5.562532013361693,7160.944164146115,508.3181941906205,665.4009413725823
0.3326545723805998,0.5300166253114067,0.917624119282403,0.3579209056737377,5168.948108501382,33.28402572152074,13.838815001572089
0.33283968900407257,2.217823450234404,18.49256163968688,2.0957867936480907,104.81289792095382,43.392510835884266,98.52542044721599
0.3330248056275454,0.4086977641607275,0.4903426648590894,2.8785488912580948,3502.0184143422216,333.8832272168662,452.1242723331134
0.33320992225101814,0.0060968186628246575,0.7092568271786397,0.17618504066209953,2048.263282161118,127.20091226634008,62.96499489397462
0.33339503887449096,0.42140165201202795,3.355756695014539,12.16106598933348,387.05855296707256,225.2495061027723,136.5109712549318
0.3335801554979637,0.7884667459795784,1.204555735281175,2.3645638929585036,7249.492956046004,533.9971743927699,895.6860403692327
0.33376527212143653,0.056746301153648794,3.7622013121590583,2.5177163101330406,191.87117283569495,144.71275139892552,228.82685831173677
0.3339503887449093,0.7760808873492989,10.120006290264781,3.9743440063817452,1146.4848037351933,468.05256126047294,372.8111215665535
0.3341355053683821,0.06334111949622241,8.771559767750304,0.8283598934285386,453.1222827763831,166.83433426104565,112.62575155332809
0.33432062199185486,1.897641286913545,32.3942843198931,0.03590168467960462,4428.541577499345,158.9402553646655,80.03960518039528
0.3345057386153277,0.8198098177842607,7.459966980809979,3.7053227263248845,1276.555451971137,136.79733557351673,171.36589909390665
0.33469085523880043,0.5587357350709351,14.497218621384564,0.2465023226185293,4862.843628866143,202.43059327305318,247.29192221759826
0.33487597186227325,0.029826420366413746,14.896057772728497,5.129088858111182,444.02086466331235,117.9381412154411,93.1621021559247
0.335061088485746,0.7146997861029568,26.353599915375618,3.0991709966219463,1678.3331074780144,3.6380109881294196,14.118530030881463
0.3352462051092188,0.9883004270748628,19.44292385256096,6.822721483681213,64.83493936733949,61.9583056318638,153.22475332052116
0.33543132173269163,1.6604281607794786,12.791881332597981,7.016475811452982,7165.951076300778,174.78610614775985,158.136766397444
0.3356164383561644,0.1020846131082397,33.20295431742841,6.746409883250277,4327.033200634442,8.034947020735922,33.56441068480819
0.3358015549796372,1.8323080013065314,20.20448114254258,1.748786598451239,192.55089891833254,284.908900672157,127.15693399598685
0.33598667160310997,5.041158243988503,19.30292509520797,0.15639133085740098,1882.5734129985026,3.2574070251158664,5.130556528698041
0.3361717882265828,1.3658763554108968,29.901301386200597,4.086566106254859,2450.9607768682004,543.4666262589769,703.2478224639007
0.33635690485005554,1.9420872287120983,6.78163282280543,0.2216111363160996,881.3081998681897,223.69207218281105,423.69258033957266
0.33654202147352835,2.209335416407242,2.961071273387064,1.7679401392863228,7364.29165310418,310.6546523458884,265.4943574018111
0.3367271380970011,0.010410745578488444,7.01992962044725,2.370578371928718,2489.8045947545384,196.2125952676361,313.86056850556696
0.3369122547204739,1.3195135033489402,41.13624033896316,3.8173829899206577,395.8375968011,519.8862555510541,669.7023765266882
0.3370973713439467,0.825369898700502,28.168912161645004,1.6326178261899207,658.3515710958621,51.50347416949788,90.80505336368547
0.3372824879674195,0.7478031114173348,17.436494515983107,10.285196909516882,730.2196724792908,148.4227651165387,226.3334151217804
0.33746760459089226,1.223156943415817,2.269887257784177,21.023222279595803,3191.3758913250067,75.15076731044493,349.3387250367796
0.33765272121436507,2.100739143247624,28.89390016300858,8.371507223347383,1320.7567806115376,285.42483766042574,404.6734579557264
0.33783783783783783,0.3373023549112529,16.840938757186567,1.2587582538943127,1413.2045654394676,316.92760652084684,312.71115106706907
0.33802295446131064,1.0235851038008388,19.848246140301313,1.9101564376963698,1784.9006413111206,43.769282164382915,19.05322766181517
0.3382080710847834,2.097885013846641,32.27962967413158,1.9183307880688036,626.8568916675594,168.92318096116907,96.53336035836949
0.3383931877082562,0.061730640034803975,37.59706403719972,1.4623330111219157,2799.3791386771036,365.5905505974545,542.0518967832542
0.33857830433172903,1.2980459860308748,9.542478405956793,1.2228581753667458,1138.853222494773,277.7058760351227,336.34865365291023
0.3387634209552018,1.2473804127635817,60.679855834896095,4.3115618654982155,1315.7060946797337,202.65861955447232,172.03083903134512
0.3389485375786746,0.8014190803589666,14.066098371589671,6.163171281902483,8572.178735915864,32.20558153403117,9.925146225650991
0.33913365420214736,0.5647043135208543,14.00716432500382,1.5014774566449822,551.4537754339472,133.94474135394927,83.02861611210089
0.3393187708256202,0.18662215930214723,1.9955841909347356,0.661160818951483,1257.4891760525925,313.8294662928071,388.8989159810775
0.33950388744909293,0.3624854537768395,2.891682735404072,4.116558894467375,1304.3713755006813,22.811946795405863,44.52218279484821
0.33968900407256575,1.9232075808106046,3.912981965890917,6.1983234792938955,1644.918284790405,210.12219178747628,161.66772480117328
0.3398741206960385,0.007860037171700744,5.251973312050134,2.394543277359632,1832.6039160847736,13.621108313735625,21.639954638240436
0.3400592373195113,1.524602642026061,43.98777360370608,5.1374431245335215,1866.084515076458,340.31007641091804,551.0241824415274
0.3402443539429841,0.3264171147384378,13.493230004121465,2.1554536027944815,1886.2210526942517,110.21735820448845,154.14643113642117
0.3404294705664569,0.6620907471768654,17.353659784551763,6.155282200657153,1024.4708195681199,104.89827431549612,103.3689498325878
0.34061458718992965,0.2107209109033959,9.841207431219985,3.5171190748111045,851.2307970862903,113.88038584198037,137.60139612933054
0.34079970381340247,0.8757183267847852,6.6163668446244195,0.2252942011668133,1039.6086288599356,44.046244513831525,54.90720122402174
0.3409848204368752,0.512999912298729,8.07906596322206,2.953178074902436,6421.903181229115,36.33092704944596,25.706737723511893
0.34116993706034804,0.8789265478510451,21.636711630979153,9.623127695015055,597.7889617983697,253.372935452754,425.78391389079786
0.3413550536838208,0.9998717737219343,11.719970542519615,18.998597906537007,4144.942241781117,156.30666646673046,203.65188641331414
0.3415401703072936,2.675475361984529,9.436008355902837,1.3192614341529394,458.31534335191463,186.60272252594052,52.19300920256946
0.34172528693076637,0.8049333843172811,2.295072960827607,0.4471796040981328,820.0174615427234,201.29538023081352,412.3450500112109
0.3419104035542392,1.507248181689143,59.1477492544458,1.158618285763573,2592.6507882341903,253.4721525208284,319.5386016682306
0.342095520177712,1.5506936784534546,9.306983129473739,17.39380883404399,7907.465714217174,137.4592149415057,320.22498279978976
0.34228063680118476,1.2053871719430795,25.091295652454725,9.987882568263217,2051.6575118855735,221.6645968919402,318.736618596366
0.34246575342465757,1.759856806082456,21.6476285115577,4.917846688324276,240.02026274309867,50.61945203314962,40.88840238512692
0.34265087004813033,0.773828431905219,8.38180438937383,0.36466824060305253,1117.988136037051,219.6709167587682,180.78936620535526
0.34283598667160314,0.3076300781526061,27.31935507999299,6.818978529001014,1904.0959605046075,134.53784158956108,88.12413848817758
0.3430211032950759,1.5090859515429502,13.21432631892781,3.129136285226474,3843.46110065309,135.64109255438566,98.39504119182276
0.3432062199185487,0.9616333615749806,7.172297763428517,0.9725130763812214,771.0572320374287,457.14904502835657,223.20182302500606
0.3433913365420215,0.4108734104859388,15.179423556924638,0.2108570247237776,736.4952906448389,13.019732110232189,13.098641530813458
0.3435764531654943,0.5279467259269582,29.74292497756727,5.413056697975328,1310.5741819881755,112.71087414103562,166.49254643476408
0.34376156978896705,0.23481989139691054,8.231616527546358,7.187553473122424,3144.3958438950185,98.31690671314352,198.10303437623108
0.34394668641243986,0.051401286493091225,43.473366149089635,2.180983578050822,766.8876945914393,60.552177097740255,23.461794627243812
0.3441318030359126,1.1719480394055506,8.711726709143344,15.439061156381067,1407.209561228417,102.02285332832564,141.3830013259773
0.34431691965938543,0.5926100303601759,3.128411822096139,2.451219137612683,2319.664336671498,3.535767132976051,4.296862943180552
0.3445020362828582,1.4630479448786762,14.647733651199376,7.462378831814098,4551.488094000004,78.36752390387063,214.7059675473091
0.344687152906331,1.4670880113411062,5.324591042300245,2.6285755573890928,7491.408464770527,327.1579688656562,350.332856523492
0.34487226952980377,0.9470174315620351,34.07582247221347,1.620188617857069,46.82141611228129,99.70558093477798,251.7256641261966
0.3450573861532766,0.4004190837020301,28.43484937066855,4.762658307624406,3595.1468200622844,12.553841244514507,3.4003677019340888
0.34524250277674934,0.48861199876757333,2.450505994418743,1.9705470643919698,5585.561403699145,292.4727970184484,276.71551199592204
0.34542761940022215,0.9410231657882887,2.429485809507448,1.0606448779965807,2625.146171991927,68.06493575268728,162.21927446484796
0.34561273602369497,1.0830482540949233,0.026528267754689836,0.4822982801171372,857.4017489630442,51.39969007017696,28.445584002799638
0.3457978526471677,0.17212903155493026,18.031110266969705,7.424215132875517,5609.885976123261,61.74809524784131,3.503224739825026
0.34598296927064054,0.4609511500696315,17.353627140863974,0.39930378954310813,3880.3270658728416,331.21412543172045,207.97292548972786
0.3461680858941133,0.838493653122978,33.32449445836237,2.7943000174268136,413.5437709845267,679.0625535169972,545.2713145097674
0.3463532025175861,0.17925845460254192,19.734077489936986,1.8818542889726306,122.83063955718897,271.52570854772523,302.74494101270426
0.34653831914105887,1.1517102366778311,35.351780262816746,1.164124399634623,1265.8469429171705,89.53437195963562,208.5377311806797
0.3467234357645317,0.19795435151397683,32.29378886227152,5.585670857091115,2013.4025889305892,123.66304536662537,223.04396735341825
0.34690855238800444,0.6752377612525744,6.859324097303927,15.561260384540589,6988.46593248641,228.94272899214562,246.30418914244245
0.34709366901147726,0.19670356027044664,10.259793796994254,3.6473420921985493,1163.793426653077,49.12836933793316,29.742294590447546
0.34727878563495,0.4009679360907821,4.240813613001736,0.9682319655090716,2902.481306382878,124.05200279870108,74.39810162425799
0.34746390225842283,1.4700962511929945,30.099432393057985,0.11693601320653378,5337.533345839114,228.74972907437632,238.20021904203506
0.3476490188818956,0.37555123378125294,30.064435956459594,0.9459386611161558,866.5396288057356,150.91422002479865,131.89221389857238
0.3478341355053684,0.16834008684365365,7.534455441566985,0.7801859109178733,44.375587802935094,298.48086219642636,167.9412206370592
0.34801925212884116,1.8600968840151426,0.12895782736548458,5.224247713736928,284.2104794329532,30.63644903827983,41.12825406650505
0.348204368752314,3.342389560818123,31.904880790301856,9.495846741189453,5153.403437344008,92.00850859270123,136.6341661772646
0.34838948537578673,3.3534840244990938,34.33121980730187,2.1405175054243126,2963.3599117562376,84.90005582835873,251.3614968344966
0.34857460199925955,1.0178269731740266,7.898418311771964,4.2064735520131915,199.4135603632695,24.636303644600932,32.44916200942602
0.34875971862273236,1.3061822581085392,0.7335156295112023,14.380023007927088,266.0243738009591,52.32121096446672,10.658205539742097
0.3489448352462051,0.7734419673988504,2.134176785547302,5.129213593171477,226.68347533260564,182.69259908324298,48.26318523271129
0.34912995186967793,0.37411952126083237,30.616801635205825,0.7926336925197335,3180.388698356028,10.732796369594194,55.50913324838792
0.3493150684931507,0.8407171670271669,0.014987221518086546,1.134936285165757,3949.021734489631,272.08100838117656,377.0881671153592
0.3495001851166235,0.20553721571908504,0.1547124112126631,1.0031690941196245,693.711432319406,317.85371265736967,242.54149180545812
0.34968530174009627,0.1677177636431728,0.7253095183008057,1.121235306444596,937.7888082292334,119.10960277692102,87.48433865756739
0.3498704183635691,1.1925235653756348,7.41486247900729,14.155447521609899,381.0576767203781,60.304332787865455,67.25283303453615
0.35005553498704184,0.01855809665908668,13.543967459764492,6.223035295652891,1339.8922021848896,151.11574534781627,117.88553537310831
0.35024065161051465,0.8922219854699868,25.664256877264386,1.8760807245450257,1707.4861275093997,29.79484783345588,82.49989482931156
0.3504257682339874,0.21170974260470804,15.182239306085378,9.418428405120006,174.6023946169895,741.8415303631197,926.9990150038678
0.3506108848574602,0.6516497018517645,6.016944314315996,1.8661620106799095,3915.499315335581,240.31381225253745,422.40703940470644
0.350796001480933,0.5581177646557037,4.0596722651919155,9.016285257851916,5895.464272779811,21.1273667525987,189.84472699670795
0.3509811181044058,0.6599218348837402,91.46363281706037,5.2542033462749,15.324663891298357,180.61790721254806,64.48279073147707
0.35116623472787856,1.4906730773475063,11.587089091491912,0.890050736706851,1232.3086544551709,224.1549613934428,150.537432821465
0.35135135135135137,0.11211036593094864,33.45936525477624,1.479470194292051,588.2602396378956,54.960340388272414,33.791123121129644
0.35153646797482413,1.036993162193871,5.7542157960809694,4.1267091482259515,391.92750348897556,8.737310600893421,16.718194659863684
0.35172158459829694,2.6321898379432747,19.8572491213493,1.296442993677838,2178.2431306864046,55.50765480277417,77.47637219832308
0.3519067012217697,1.2902925197046757,8.065976994255076,1.2541149044865758,512.8055680801154,42.812911169078916,53.13431428307869
0.3520918178452425,0.9764781135173941,33.7379657171528,3.8264514436488906,1941.5500439947455,49.81357281371557,38.863005298692734
0.35227693446871533,2.072249418562395,9.29470424786637,0.39925511794179747,1973.1000755006235,7.389772214051411,7.418731747349824
0.3524620510921881,0.6613140609373845,7.465395514637663,11.043498671317666,5401.347447453368,42.02407179065254,13.885517260610701
0.3526471677156609,0.9518561328969242,24.15918811219106,2.229213340591237,862.871350134994,127.82988059632864,221.01071080760119
0.35283228433913366,1.2179783322180675,13.532020071571447,0.33999687343594376,3110.436111211502,242.08913566009582,428.1902988472981
0.3530174009626065,3.519391808346664,11.480590629287295,2.4067646985879962,2840.9818064088745,16.973276624526967,4.763990755013322
0.35320251758607923,0.7190555527308364,12.42897437747198,4.0960441740235245,1418.2245030990696,28.122876845185957,47.606727543038005
0.35338763420955205,0.778209018654117,20.07324206321866,12.328664885210616,2828.496335256729,3.2435856255170394,27.043722478944048
0.3535727508330248,0.9840434126083492,44.50800906685898,5.368982281269177,2663.1528640547804,11.136897918075437,24.69310213618223
0.3537578674564976,0.06971711749256869,5.9394531694232064,8.364810003522333,2296.901677069958,110.7300136811226,42.57737695253718
0.3539429840799704,1.4826945679887782,6.3101346318387295,1.1628942646163218,3989.359178069456,120.12083895134015,190.57160344881584
0.3541281007034432,0.2517150746486479,1.0122196041609395,0.31001685337104956,3015.918433499819,65.50095857899521,89.24374593266568
0.35431321732691595,0.5973448220433668,3.4458518153092315,1.9817411161288345,576.6632564652066,250.86917060969523,238.38450119553974
0.35449833395038877,1.261564951625018,6.655176370275427,2.247650623371233,1309.4562705815504,209.47767623748496,221.2721087627692
0.3546834505738615,0.3013603411489137,11.79654449050498,2.6062681605565556,3109.7664974392555,423.77125981330875,521.6306310504264
0.35486856719733434,0.20719591740727614,9.576484925458418,1.737547515379977,2079.331676676287,50.27518847771344,55.046507764008844
0.3550536838208071,0.7278942960817187,1.627413873983444,0.33553853763419333,6859.312141404685,39.472446904802325,55.44898261857759
0.3552388004442799,0.6393940905423108,6.8056527979543855,2.853311509447612,5738.541429853674,51.059888946342866,168.96057260541758
0.35542391706775267,0.022531517752326684,8.21319464432851,0.2820048046897659,3547.5737862524675,206.23960611470235,180.1664212139962
0.3556090336912255,1.2451388600022422,14.000865088311103,1.0876280221190338,394.6644413912768,186.87853668348777,139.06834214905632
0.3557941503146983,0.3328018575744304,2.3379531827264035,1.9798513940863225,4424.78990981667,60.838997678070676,13.623000272374554
0.35597926693817106,0.09610744505351193,30.54128318240247,5.821052154993769,845.6163082558217,64.85158419091421,75.31567201126964
0.35616438356164387,0.28724498029853307,1.1545066182734047,0.5878903703749546,3913.513459785755,131.82401017890825,236.68613583917988
0.35634950018511663,0.04894320216394555,44.03106234612188,6.2286928866193385,2609.354358816202,59.10502264627215,104.36077490263577
0.35653461680858944,0.9845038199034216,16.664859264787406,0.8358150337702315,624.9908159010397,59.01839624398525,91.5070108967063
0.3567197334320622,0.31991291965886515,38.48588664220614,1.5065949941341579,829.589575442124,574.5097008420124,474.9411718233343
0.356904850055535,0.5241619612654678,1.9568805820306554,2.6530827014403378,10356.249323841179,272.4074576104788,380.930803818315
0.3570899666790078,1.6305953441541134,0.6808867098330419,6.991640850711383,1198.872483486442,354.40176249686687,349.39952909135314
0.3572750833024806,1.9691959503285053,15.63241865121362,1.0910992670339337,555.930643729972,316.4756405010026,221.31520829272455
0.35746019992595335,0.8294054712548168,8.736661991071784,5.04475969121882,45.45999427205652,169.98972910120278,191.72568300583944
0.35764531654942616,0.9962847987229884,4.816967077499096,3.5769661598461866,1495.7424993198645,301.6204231424467,159.4691883725403
0.3578304331728989,0.9596315066840017,3.933800448489798,5.575163086741561,2240.4617577973495,403.2981859965609,513.3597239249386
0.35801554979637173,0.5591663458221344,25.192474807353445,0.5475636545879138,769.0734733885271,455.9090977577093,366.8763116783916
0.3582006664198445,0.2542514728349037,6.4355177753681945,6.7153296143075085,102.04997976648667,3.871311440340579,4.488009058633114
0.3583857830433173,0.05796651740433818,14.895397487591106,3.4668121444868807,675.7529696301254,343.57418385635435,392.2958826208985
0.35857089966679007,2.2425163955818923,5.722204275812719,4.911577263464864,780.5768073243479,120.39108478666678,327.92509885010566
0.3587560162902629,2.5102013896888202,5.926560610607979,0.25085412302910665,1619.6038870403968,34.20820615117408,18.50048200355961
0.3589411329137357,0.9644812156065764,26.15973594617483,9.980942885018795,2940.825155157133,74.65244761954298,100.98856910679764
0.35912624953720845,0.7360668607693368,19.296243145429923,3.047061223754173,1557.4157947542194,123.66229164355988,101.5140150515256
0.35931136616068127,0.3124384747418274,23.364236653975226,0.2705025649607063,4179.658207883353,14.244203309282854,59.878640530124216
0.359496482784154,1.238545590182888,4.594422456675751,7.181235234788292,2615.499400434615,110.14429746237106,322.60091305348516
0.35968159940762684,0.3135583040659707,1.1839878131669157,6.028643775809997,1638.557483657791,12.054343468311837,27.05985590729496
0.3598667160310996,0.8732959804395803,13.445241345849016,3.2778850406237274,2481.941894268452,33.398119389030306,1.7725627696739326
0.3600518326545724,0.1250700290017619,19.58580854231159,2.8736059445026267,2378.3225380183953,5.1291457409983705,117.35880850909504
0.36023694927804517,0.2968438400479058,25.11085730383286,4.881527699424369,1574.1284689291917,351.14597821210856,226.1572304998421
0.360422065901518,0.5728320601964133,1.2155730899523438,5.50184123261722,150.79220082883452,290.88196392598206,368.49742791005946
0.36060718252499074,0.20371975077173748,46.355133123317984,5.214134441954394,2688.2701210754394,227.02554983101973,226.41199929547233
0.36079229914846356,0.06753559019674345,5.011409687470256,1.132406124134575,717.7923494507686,86.53634629844365,68.54203356405063
0.3609774157719363,1.6669452667145077,10.189512787068674,2.0830868255430692,748.7586644908878,75.76587915145811,65.66290278870608
0.36116253239540913,0.15050629485768036,15.716608449011366,9.964578992307754,512.1146442337053,313.6970108367649,205.5303946985943
0.3613476490188819,0.05342324229561712,24.275034420291597,6.056504424184674,1848.2294138173118,153.13206364663156,269.4971363438043
0.3615327656423547,0.07066237454877004,4.150442121592114,0.005206478037312713,2637.8485229474454,250.02597923972203,387.8602159045264
0.36171788226582746,0.37067879917447605,33.32804379543803,0.06806936839996272,2226.173189098896,221.28414873736847,214.76256264143416
0.3619029988893003,0.48697127824074365,8.136804235294662,4.784273115948662,1731.1760317652966,103.86031798141792,65.72147457897614
0.36208811551277303,0.593791850125677,14.349067493910017,6.161972931470981,1119.6876786745306,325.77261016625533,551.7574906752732
0.36227323213624585,0.73162912270323,0.34860272831256867,8.647766001785895,864.7463887325606,51.594151059395394,39.26971184335106
0.36245834875971866,1.82194118066293,0.09638975266102554,6.172992345247459,709.5848170889028,435.74346443741894,584.2213615435593
0.3626434653831914,0.9268801324496035,12.626867536206245,3.9051946596925458,190.51856537580127,20.789453675037453,59.093700970247724
0.36282858200666424,0.49829126790471423,16.892390642748303,11.724044506070275,1632.0073533974996,113.14533966349836,52.755949027850704
0.363013698630137,0.047292289299701876,25.97841367122312,3.8710368568070725,596.8206715842251,457.40017435159746,551.3712072924405
0.3631988152536098,0.4067216338978244,44.96172481077502,1.0271211778681046,7824.508421282172,160.16229278955058,153.0522015124833
0.36338393187708257,0.6717609753988772,49.05162951861553,1.0490175576237453,502.15708332937953,224.32229293921745,155.73877971806624
0.3635690485005554,0.09363878279338402,20.164835261065956,2.0494522019199524,2092.165587853942,465.4094020688554,558.4454434537612
0.36375416512402814,0.24878993344105746,40.751575767597224,22.287665522409895,1713.7283295568923,143.22194922538964,146.66027516211687
0.36393928174750095,0.040008279430779975,7.956719708888539,1.9034718472551988,3869.013936417404,85.51508402730275,140.3132409758988
0.3641243983709737,4.660655512180259,11.770357662792462,1.048692425598547,319.5338054312449,26.261696886871928,9.779961222766119
0.3643095149944465,0.015248679959384405,7.896947976303737,2.4239944149822925,8763.232562052744,32.122258156447685,72.94725974866058
0.3644946316179193,3.3742314378109204,26.38944445147205,8.030060798252862,6602.625990491988,77.84986478603247,51.92107484017114
0.3646797482413921,1.032966245039432,1.316440268633566,7.130981110456615,868.8571781014158,160.03168939845676,182.14777001269047
0.36486486486486486,0.021196849678107695,4.339832010750835,2.5577954120920716,3944.466508880516,78.61805008351857,64.135225416092
0.36504998148833767,0.12639101286110524,27.785699427489703,0.07001005715280303,444.94014219369075,125.50161531962283,67.8490610124443
0.36523509811181043,1.6162593404795231,29.260596452358197,9.829209187618034,8247.500134777276,320.827686600118,492.5426878799369
0.36542021473528324,0.7665169473825567,25.9738731714983,6.018380977520894,563.8642602717312,281.52697733162927,344.9216101242612
0.36560533135875606,0.38656963577042947,49.425624896613186,3.125881374773735,5020.267020221718,83.79166352186888,52.34384516783239
0.3657904479822288,0.5733624397573286,14.37390073490134,0.6950493850517525,3742.3483561367298,268.51444498464997,370.4445393462412
0.36597556460570163,0.9112666862089364,29.317486626273656,0.9037062045921088,2817.272368477065,322.9577686981107,243.8326660129008
0.3661606812291744,2.448566960100063,0.6624621033943329,6.340675279875667,2976.737187246901,110.89979961756843,182.0445115377385
0.3663457978526472,0.5658339358162627,25.0295546803589,1.022912300845228,322.6590088189664,895.2160970841696,897.8677740018177
0.36653091447611996,0.38310585860306096,23.08065095448317,13.376169856442543,1226.5479841020604,318.23952881055345,416.29826770043763
0.3667160310995928,0.13476367458538188,20.336369103118905,1.5225562994405004,469.6056234576735,31.870088738141224,71.03793300025772
0.36690114772306553,1.382861247681142,3.8329331902878683,9.499939051237162,4115.762130859984,558.8630450292966,467.3433303561335
0.36708626434653835,0.05084502146921653,13.436968351018653,1.2334451023861186,978.9463463387668,222.41252669225966,271.8426481179913
0.3672713809700111,1.5985251322963183,9.714254584782633,17.59090460278373,234.54003514946334,23.425212540088644,29.419752719551663
0.3674564975934839,0.1385537445271581,21.95100265628833,3.226897163285384,556.0152574417073,99.55096796441994,40.459437597715706
0.3676416142169567,0.652994477114321,2.8957083884838823,9.90710854489572,76.15204536956499,184.00947568895867,198.51264598946628
0.3678267308404295,0.36131299390167615,3.3996370611541873,0.1561413264271121,472.6389146547949,483.81373412595946,679.1545005302481
0.36801184746390225,0.43970417751743257,36.60952914904635,7.45766673445354,1503.5350144676424,368.34444042695156,514.0742265060175
0.36819696408737507,0.20881717774423988,9.044843283552977,1.6305218141556084,29.64474277365511,80.29098349626028,177.52578317549697
0.3683820807108478,1.811159947777541,3.9813864367869685,1.7726259788784262,1289.7204779939766,96.12411031451134,198.7293947263092
0.36856719733432064,0.41876717095575944,55.44991329614117,3.5281684795452204,3749.5583984695572,9.631462543062431,39.303016712968635
0.3687523139577934,0.29788240088573,16.740058753731297,14.955610673765872,549.5740427323841,0.19148941307825695,43.90519419462706
0.3689374305812662,0.6214445838264168,5.815145714868229,2.8295367811613334,2612.0238041123457,45.53496376489165,54.703316689271404
0.369122547204739,0.25035133491326805,1.6078286290028163,2.660696979595193,3902.811011097554,17.861206389179134,26.570953259753892
0.3693076638282118,0.7151271494119669,8.085410914787174,8.224926151237247,863.785111491258,246.31534102685848,234.54411454555955
0.3694927804516846,0.8065881252984507,3.3401266655006947,4.063980851931685,1201.1398595277337,78.13878771035218,81.31299428695034
0.36967789707515736,0.9254379585084446,2.378170629968988,6.908797776761544,481.98111173238027,428.85077872954884,433.4678785070649
0.36986301369863017,1.5229380256301188,0.6952208825256764,4.479496169336486,1277.5988865657682,24.722118094433185,23.139296887006076
0.37004813032210293,1.0952280245229953,6.021776053379226,5.303641095739314,3016.751945802697,246.6637114026252,230.45401137011658
0.37023324694557574,4.687982683303731,13.69432097926556,4.7374741430878915,283.1767420106016,63.678164654347825,97.71289441853364
0.3704183635690485,0.130990536920113,6.490416240036336,6.764792805819297,721.5069919384763,23.779696214237195,0.8231518714604061
0.3706034801925213,0.7770888323835298,38.765830816438225,16.561321778907562,3889.4165403886027,34.13271501962611,162.1692553777608
0.3707885968159941,0.9240958316960063,28.803993818991156,0.5539245259315035,1342.5940504341563,48.19782968905133,18.010873047609643
0.3709737134394669,1.6844257520947783,1.156269473568973,0.6573478412027702,1178.367551652714,30.92642082405913,165.6004746699159
0.37115883006293965,2.2398550938493558,15.360875894157264,5.525690409972312,8110.755507103084,76.50214988537086,141.43684710547467
0.37134394668641246,0.5534068467185145,2.819237327496634,12.434816964684003,489.43455483462657,12.761588082732414,28.84614547902836
0.3715290633098852,1.4688615149876079,20.209744784027023,0.5296811638552275,1827.4259658251876,97.07666256321801,92.21979380704379
0.37171417993335804,2.1723984461588843,38.09724208308324,9.510605444947357,1950.6750612550006,121.1002319383485,80.0858382526528
0.3718992965568308,0.6465288438349149,13.932185504682643,1.9258364397403251,383.4634848016194,649.0112749605817,756.6926680783141
0.3720844131803036,0.20392561789815564,1.7813665476954965,8.875650956721955,2520.0947876949945,1004.163996503768,1063.0400537824246
0.37226952980377637,0.03630315746203616,2.169259396786008,1.7839719636987124,385.995750581828,1021.9024665948419,953.1377408837308
0.3724546464272492,0.7448394324830906,34.823117382419234,4.423337084839132,723.0002461974788,118.86658829363319,93.46147591731945
0.372639763050722,0.34178603893993265,27.489387345421466,5.154263336448833,501.58402929050214,241.47541319529898,295.7974772276849
0.37282487967419475,1.949811556068004,0.22121040764931413,3.6721928988332473,529.206910621496,77.26647125698966,116.04882344442767
0.37300999629766757,0.06803132527802669,18.635227508735674,1.9597679561142158,7159.393084941216,630.3452367927658,870.7043647442259
0.3731951129211403,0.5038804928300128,19.32892863904571,3.8427959429419465,341.6720521077122,157.09149073442273,110.69290524718755
0.37338022954461314,0.40425748207341117,4.810003795137705,5.4230274277064785,316.90976493975427,6.262612861392899,14.952584722305714
0.3735653461680859,1.780186622740918,50.27826426306422,5.682899311885649,1842.9587238151025,74.08200001156355,181.07863267734683
0.3737504627915587,0.15422587566317408,49.07110835465566,3.295564684052284,1821.6414617450732,456.0464297098984,556.5944488251774
0.37393557941503147,0.10470190005888647,6.901108549046805,3.2994706394103637,308.1397765313351,28.10194807359689,57.81278063149433
0.3741206960385043,0.5817567456328775,7.106935801326823,4.829651347881523,567.270320787436,240.83006235930625,239.1432579655751
0.37430581266197704,0.5810038863411872,38.507495317961286,12.837594338884077,6080.171132347373,152.41263881168678,337.23821996958566
0.37449092928544986,0.41795828016471587,27.553220339206298,13.669956985907213,1622.66584669782,112.3917891648088,49.39992067607987
0.3746760459089226,1.3690631488176421,40.04022515389737,8.750566377995328,6109.708593301875,214.2652869773285,431.814895077742
0.37486116253239543,0.1593889045614,45.86306528489174,0.4491895388094844,1606.102312014492,382.99896280574916,452.78080677092265
0.3750462791558682,0.9042322539767074,35.275177733542286,1.8240257964867672,2031.2011570456007,50.18374446524527,116.61551587940642
0.375231395779341,1.0764724692830483,30.442531656887763,7.229361162798262,700.4928304875401,22.157684056444737,13.143267884206395
0.37541651240281376,0.14238750293695118,31.85560864895954,10.535526328049425,93.85132339948741,598.5894443059038,600.5208962539552
0.3756016290262866,1.0777871841784883,1.613622686359115,0.19924383204482488,1917.2258416238972,204.16541085649806,157.3401637827556
0.3757867456497594,1.0410993323879625,23.39159694869805,12.859383885681272,616.6710210250518,73.23133924340061,68.06128163286341
0.37597186227323215,0.33287636068334575,3.334402347057676,4.779501456290581,425.0197945529703,150.59686628682627,134.23877505822185
0.37615697889670496,0.2003276436943429,6.449168790372202,4.23748528671697,11758.041589127975,47.66001289806356,101.8421431023809
0.3763420955201777,0.8436206616333255,4.504633470986084,3.7716347167159427,625.4596227478847,143.31922540777293,178.19845097078033
0.37652721214365054,0.05442621179578272,12.263690639339158,1.533863431691044,2112.417481937008,62.71198753920299,132.63259477935915
0.3767123287671233,1.1930578178868922,0.07599464865787196,8.634257925156016,8638.858617960477,402.96100986082,625.144431147347
0.3768974453905961,0.0010670220613265093,64.52983186863624,3.256789785434636,1316.707194524214,362.8824007160083,209.59657340270073
0.37708256201406887,0.11393047280429656,1.7969925069094943,7.430406301811949,1672.1985876344856,53.088971327188865,29.046060645184824
0.3772676786375417,0.0008636905646122922,10.811879051624445,1.2869408793670836,7069.709119701027,77.52965959184883,106.76854062357505
0.37745279526101444,0.2041200512891431,28.83091115416046,2.576711266757833,3727.119437348468,132.9511457906806,103.18420122774937
0.37763791188448725,0.8809331455861232,57.742850376629825,9.645017233169028,183.74620682082028,80.52076716931604,89.18804292897909
0.37782302850796,0.26580537260067255,17.843044332025062,3.572194821552383,1185.1014316842043,9.213870857627121,92.43773223268514
0.3780081451314328,1.265532647046976,9.837816374140392,7.3245452061127345,511.12930745651283,18.213514007714828,50.78229020107739
0.3781932617549056,0.7520482833510799,17.310402525148863,0.056661904017171985,253.85246672784288,122.5986303639228,97.6661014751611
0.3783783783783784,0.0391998609278486,37.02822389251554,2.3490283308754716,180.2868285045128,138.56930023996253,237.46028970017548
0.37856349500185116,0.47278029944959926,20.38163901144686,0.12771780341043618,60.30306936890378,64.50059546470966,84.81165214794909
0.37874861162532397,0.11705507127077991,1.4586453880461507,10.482414134475643,872.2657416634659,99.01645932833992,119.4942485956272
0.37893372824879673,0.0644906721182152,13.165469860351836,1.2122321653959003,835.2834207223224,30.447259695022776,9.810424580848458
0.37911884487226954,0.5836281555767336,12.66362188854215,1.1762694379071923,637.32411643475,16.505459152130477,9.874774666849962
0.37930396149574236,0.42637645545730307,33.435382841959424,1.6295668964203531,2183.615933892666,199.36101409744413,331.1690672649988
0.3794890781192151,0.42400583683000703,2.4765759712826165,0.9938916145790595,931.1850319429423,255.60294042930613,347.55459426967815
0.37967419474268793,0.7052910141428903,10.877792682228401,2.423097773972466,6140.37048640518,62.615032517129144,148.9979955462633
0.3798593113661607,2.6076670795994477,33.46269442745411,6.981505845578828,1185.977961445762,155.33672635179647,103.11301707164009
0.3800444279896335,0.011166650946203182,1.3596125355224091,3.615989934053054,1345.1598057177189,279.8570793350274,196.38849124243822
0.38022954461310626,3.2202201467675766,14.583250914300915,4.906239888351878,825.3220470645317,326.04946760352937,374.50476492332143
0.3804146612365791,0.35400494923462583,18.64828019647646,7.061126583888207,1845.0120639699696,144.93476956894833,312.64065982790305
0.38059977786005184,1.7698601523103616,26.954605114637857,2.4837170843787475,1008.2884962753666,30.488297227314874,79.60786314774778
0.38078489448352465,1.5281883756006331,36.72450969666296,0.9599804430849789,1699.606282732033,123.05257328346867,100.10167540922679
0.3809700111069974,0.23154854884930456,9.012753531673715,3.9321045719553087,4939.913682921631,308.1500926659773,374.8125258378188
0.3811551277304702,0.5082590601443091,14.990318724317616,2.9815000314562177,4933.460434360576,142.8741757846486,211.02007740614502
0.381340244353943,0.2047194479290257,1.2844318009736324,1.4215495945193455,789.1599592837626,54.606926783448465,9.695418170150255
0.3815253609774158,0.7876775079463265,17.122333335762647,7.966773075200965,5815.751702266447,61.83009199582945,27.595239215597132
0.38171047760088855,0.2662337466064311,10.070047788157817,1.8433021123833981,126.41137590720828,125.81039927762153,55.77402291016707
0.38189559422436137,0.03632489730959055,7.53974726394822,2.1239432868803427,90.68723035851492,64.82198426880596,110.76543504637017
0.3820807108478341,0.8442783125838421,15.039314519075374,0.9638567113018277,1990.8781802836445,355.7025207157764,406.89655182011853
0.38226582747130694,1.2314360072851458,16.881875196859443,16.971055883304164,247.5157617739916,267.4234251133945,272.6095173435666
0.3824509440947797,0.9783725086254972,38.98642559638955,4.397460737897873,2191.1365967210863,17.431441194687416,19.17650273580921
0.3826360607182525,0.7888579118316612,7.1594895643436045,3.763573425625519,2790.22356435994,595.09978067321,488.4811142821557
0.3828211773417253,0.3975221633529153,15.760145336167257,0.24329600206997073,1217.8882093442917,55.47033342717796,39.215305003993784
0.3830062939651981,0.2247896115054404,25.178432795152474,2.9697298296521826,1424.8450800625071,88.96678451726683,137.04716740101267
0.3831914105886709,0.27441358429408347,27.452343801423297,0.7316777163639215,63.160599891975735,338.0697814641267,170.21448326465122
0.38337652721214366,0.6774572878758097,43.29778419452016,4.1391612777264655,1994.2832688907556,56.04477602468003,61.439437413193154
0.3835616438356165,0.20016362276628735,35.250694875112806,10.958736852673267,2229.9311566613555,85.14983362565914,134.61975269769263
0.38374676045908923,0.36686102152890965,59.89980618033513,2.147445199882038,5408.625181998999,48.323364751147956,103.5445706256588
0.38393187708256205,0.1714431155392165,26.848983049873365,1.9524605860614366,462.6870984288776,72.84538414769145,7.840387980118472
0.3841169937060348,0.19561673402419968,15.603736616857521,0.2205152054998469,1075.156382835174,5.554922821317752,1.0247945893522605
0.3843021103295076,0.47172135709460156,20.737642802396334,0.40072971614247066,729.01969446041,36.90124565572814,16.223004323404304
0.3844872269529804,0.4620919509293305,71.96950177503616,7.128118429655717,474.58876707865505,142.19011462616731,237.02988335470246
0.3846723435764532,0.05821786166307296,21.217022560600224,7.466582796003828,1077.6885821412363,119.37056028328726,119.39350405575193
0.38485746019992595,0.8772543394687968,32.07713668114274,3.935204912205413,2389.150934854718,65.73844999237798,32.42057509890961
0.38504257682339876,0.06384429577449931,5.479953985350926,12.347771413571785,1994.8038330190982,8.82469600561969,10.952922880747758
0.3852276934468715,5.590885254719224,4.9680556356710355,1.9466492810683518,6086.849365193029,44.176785365378194,65.69476467400503
0.38541281007034434,0.9125377355604141,0.09706744277508592,2.2601064427697333,2016.0849938827446,43.38453820055858,121.68264590504663
0.3855979266938171,2.009356901823804,17.9680112421921,1.8466252199279172,3638.012921148602,7.341118708767401,11.104183538851126
0.3857830433172899,1.292433401978494,35.277624873801216,2.79596081260313,647.50945012917,7.089179531898166,21.760217790762713
0.3859681599407627,0.49895078931079406,7.354100668197036,3.9151756711445613,530.9652545382488,5.8218669912270595,2.218004592288845
0.3861532765642355,0.769108081233904,14.269023586317966,5.613548205742446,9266.83682544986,223.08218987453807,81.35994649010446
0.3863383931877083,0.2775338297474715,1.1268188549689693,14.314512271872974,591.6946898116979,78.75372878939667,38.87394755945102
0.38652350981118105,0.025124810730910992,2.2978200822604293,0.06043685879113748,3286.819762364809,91.99368725829152,130.02619548478754
0.38670862643465387,0.45942375319051904,6.3126054420930515,0.3461233257443469,2669.151712963604,298.83839618747675,117.41999331632883
0.3868937430581266,1.153471514048792,3.2243952394397994,1.158599128436017,28.305333404035387,3.9531975468037106,5.900139022660876
0.38707885968159944,2.625063910684929,11.684112012949441,0.3844523777621282,218.8020340457165,10.732141421815815,8.485923257501186
0.3872639763050722,0.5479046828611915,12.36822979899814,0.8758886611473952,1701.9030320029458,113.82835975587207,22.097656051525295
0.387449092928545,2.471252405722717,3.3697175149439915,6.6941432748065415,3742.0571345413728,6.0880330562517795,24.908671384804315
0.38763420955201777,0.7689908403148338,13.568046497048911,6.371552821119926,800.2993477336586,69.88139786419652,100.65016108676492
0.3878193261754906,0.046650055275583434,6.447419145427575,0.1808279267519692,2017.201071030668,31.379594571996506,79.4969017887425
0.38800444279896334,0.3903864128039276,5.545984728305456,11.350258565068312,3266.563411476533,34.594096802471924,32.68218928966101
0.38818955942243616,0.07422284106483182,23.503742213129218,2.112175281514222,10615.408448715469,33.39516004136793,89.37560937396564
0.3883746760459089,0.775091474208997,29.617945799668984,0.33627482863516606,1862.457268189845,179.7357915704297,104.8611081525925
0.38855979266938173,0.9893113306787342,13.534562416463368,5.548103020002122,2093.498616349964,12.484102357395663,11.688718169297676
0.3887449092928545,0.2771608164128312,20.119675973397527,4.1241278127063845,2114.042567154362,26.040791863849144,9.204872461520598
0.3889300259163273,1.6980272688792637,46.04009765985611,2.029714361982987,2138.4480604623964,113.80276627603854,51.083635505698
0.38911514253980006,0.2341356779833445,12.750013837274516,4.587339066397509,277.22971911943614,89.3055436212115,166.31217609641044
0.3893002591632729,2.143724450358217,12.347463929468457,0.9679215249663803,864.3843799897526,61.54610807644007,233.92646088681224
0.3894853757867457,0.0776478472192617,11.63068360827902,0.7253502754550459,2700.9788677625493,157.13266470483188,511.9349636232712
0.38967049241021845,1.1383823204823156,8.70042145273613,13.0203691499755,258.3855969691459,48.51766359851608,38.500645262867515
0.38985560903369126,0.42705789155051155,15.028754406852006,5.936971389809248,151.06421059621664,4.144314931658657,31.364993444539824
0.390040725657164,0.5449318732175568,5.249985857626367,11.714440119174053,773.3692424042174,235.76431129337251,249.42388458693443
0.39022584228063684,0.00980150350662209,1.9565000246841586,1.0398980857522107,368.7525862778024,70.95020807743765,27.412680592322115
0.3904109589041096,0.6569037621855595,6.929500034383579,0.4169943023135196,1111.8699380901865,9.196540272467043,9.202237224020744
0.3905960755275824,1.226718038985547,7.557439255685773,1.9015513551618084,764.5096930455059,136.15689241204444,250.68481985464106
0.39078119215105517,0.06937993973463218,1.9963118743862367,0.44221301969412113,3847.18343978569,35.27564807301814,54.45134426013614
0.390966308774528,0.7529935773487647,40.448355642897,0.9548588407422085,2163.1803118814432,13.763900997991914,57.27918826355711
0.39115142539800074,0.47813935327249696,14.947768812889722,5.9289581049653055,179.93033121757938,187.911461795215,166.43950293200749
0.39133654202147355,0.7220968832950796,33.56091706881037,2.852191495661498,7539.51502609971,279.5313552689651,276.226646334918
0.3915216586449463,0.004594300582444601,3.872901767957118,2.446489034316042,4113.416521978713,167.9001839282895,529.7351539942363
0.3917067752684191,0.6961156503417544,27.360641097556684,1.0518842904382015,1476.1666364978241,146.79115668396503,123.2499548612183
0.3918918918918919,2.145651367231983,9.886098805751969,3.575802847173379,1150.8692135834276,214.00225966264264,140.21199961785925
0.3920770085153647,0.25151221743451624,14.908191543159509,8.237765823783747,2381.077640732861,296.4136736861516,202.63748923539794
0.39226212513883746,0.2761398180197409,17.158752645039943,3.8434384146459886,225.9799997830246,24.554029692650204,75.96270867750415
0.3924472417623103,0.2123986355632545,4.150450341678628,2.2040843452481558,165.7067829720323,329.0213320793342,66.62046318622566
0.39263235838578303,0.09221713713009375,27.427881898931172,1.070695014407534,684.2633425029474,150.66552075138983,62.18955539017252
0.39281747500925585,0.15593217377252103,32.21296507461575,1.595927683777499,48.94456624506617,58.75715335118716,38.402017953524116
0.39300259163272866,0.017789569084221597,9.193278785641361,0.15804302448023386,3764.8137593818665,15.24511952930319,0.06493729734877689
0.3931877082562014,0.0012947226930639041,31.08608877601926,1.069399874399085,1403.8265503103012,21.344620474492277,70.21873172952144
0.39337282487967423,0.07338969586932359,24.382975628496716,9.27889009693949,4088.391386793814,79.22800434018244,58.986152013586256
0.393557941503147,0.2286394812275886,13.942167531608375,0.16824750988719203,3723.9678972811694,115.28086941020693,130.274661761188
0.3937430581266198,0.3508266954220276,21.861599913707682,6.708264228447327,13159.972585469295,87.59865322611735,61.74712643740987
0.39392817475009256,2.2700224277584438,4.023128378355985,1.3689978848312252,45.03987898993279,184.13840298876295,250.9358976023493
0.3941132913735654,0.12356466881541511,1.879678262878595,2.051102183365705,796.4510827429367,55.82034600158268,110.37726591611323
0.39429840799703814,0.8562948071986439,4.4015018166345685,7.646891760331968,1256.155984548499,6.172005153806738,40.655358142053295
0.39448352462051095,2.1765336772203026,21.57354785245497,6.11307801831476,990.0818728503912,2.7100204047298533,8.729197546802792
0.3946686412439837,0.0986230616158797,4.1681199150323565,0.054631964081112865,8705.924731380743,54.506629279281604,120.68364412083433
0.3948537578674565,0.2012616657496872,11.668432433683975,7.604057816039304,3822.677910988175,87.18940062003539,151.35196605025956
0.3950388744909293,0.9199928168420994,0.42664958695871674,2.6487552873692275,151.91659380146982,1.6343482059151737,35.95592889377538
0.3952239911144021,0.3296238255570607,15.222450890421737,2.287585236963071,435.11081563249604,116.38279587594045,99.13972749083011
0.39540910773787485,0.28522357200340526,8.262200225636489,8.68377484912101,3058.192409314521,429.23723119628295,396.2660251706334
0.39559422436134767,0.7797885906818454,57.24768980536102,4.479210449272256,3747.355421666531,90.72970522877816,38.216677793016984
0.3957793409848204,0.8272490736847921,16.181731430950315,0.6181310170366302,6793.31181518654,29.587345901279583,150.07555233844352
0.39596445760829324,0.7164638673407229,7.553974260377236,3.0950083874475607,2052.3859070167287,7.780355266045855,30.893444008429707
0.39614957423176606,0.2304345048410204,41.738522019441056,1.7254641345996398,1121.7787165487841,518.5088628016042,672.3989639788139
0.3963346908552388,1.1727934037914827,7.695013020046551,2.139742951879554,2178.2076319011258,493.67914028005225,456.93702906092574
0.39651980747871163,1.0226017075784886,39.356193283509484,0.2658334505794269,801.1429720441358,212.6458990301101,176.04180034467967
0.3967049241021844,0.054307541540708236,27.704702954570532,0.17197607994979236,55.13702559694483,111.29960805838464,123.35130625659393
0.3968900407256572,0.13258956571286096,52.0440043841333,4.248749955764796,1712.172061768398,75.29757088560338,91.55056165428549
0.39707515734912996,0.8049682064127457,4.241302689915477,2.2979313312128884,4.18959117877633,94.13131650758368,76.91535098630183
0.3972602739726028,0.93208502192812,8.74521297868376,2.676642689349793,270.9597583626073,0.6943204825592664,109.45060333417865
0.39744539059607553,0.0274852261731655,4.288465575545382,3.4282916959775855,564.2813099344896,262.4139821945755,245.53705946591566
0.39763050721954835,0.02034450100100322,14.345075361400998,4.3787343950904205,6279.336605145694,20.29700343360476,78.1514914638374
0.3978156238430211,0.9773518677057491,25.590721971365404,1.8954170499099152,775.7986106999986,32.97886635083162,47.575786678725855
0.3980007404664939,0.8540817334801832,5.636372797279458,2.1051491095940826,1783.572906067531,190.94105460216142,250.6253836859779
0.3981858570899667,0.049718310272402484,25.249012430177224,0.18023654154691474,2819.4841439471784,106.71400441321832,350.32126741789006
0.3983709737134395,0.07960515912292902,19.100718356534276,4.454367376158421,597.8113228517972,333.93007499816713,342.00163121828723
0.39855609033691225,1.7595253434867941,4.531661209695133,0.6325947697677031,139.06334235306062,28.056059918940946,26.10073567591797
0.39874120696038506,3.4118401269388046,25.682431133946757,2.1590288473093473,6311.444692214571,171.0705813940054,127.5614936912301
0.3989263235838578,0.021860151846976556,3.705999627536989,2.251201145545309,1132.5513900043604,39.63782202479979,24.088430041667156
0.39911144020733064,0.7046388068496967,0.6156912916881413,6.6321822040471,1623.2543935354333,44.57809666776101,68.31267042504041
0.3992965568308034,2.3361992375888256,43.2218632824801,3.5034082966414757,88.98196212790823,107.8117378674239,115.70954890889028
0.3994816734542762,0.256841292429918,18.313787354175297,0.6582192847583962,760.8482247759703,10.134957449146414,63.58128708126747
0.399666790077749,1.060990259555617,1.0788930128968839,2.0532431472263264,2415.0093920136324,18.579780983033825,0.31061437098897876
0.3998519067012218,1.381208664513687,2.309430092968719,3.909691915296617,1252.355728195633,86.14244114763474,32.55762239968544
0.4000370233246946,0.9483871154796059,7.8146118531052995,0.28103701591935876,3563.0009442259066,26.85275256524643,0.2528720456068686
0.40022213994816735,0.16815547120910596,27.56882457516903,5.523398182358172,1534.6362412562187,566.7013201803676,688.4226559361556
0.40040725657164017,0.7837935351864654,30.492276682567315,2.314996031531287,2199.0993601256587,273.2064838779493,209.82883449703604
0.4005923731951129,0.48360969498712164,36.665544338838366,0.41470549616379176,486.09452102526996,129.92855890697984,108.1571418734573
0.40077748981858574,0.2805242067996458,24.393863863549623,2.8557416572355847,4757.84161162417,2.986169676131311,19.982537350697907
0.4009626064420585,0.414558812612203,1.77422777916813,6.447462469947296,3622.52195367779,663.2578289259326,530.0064735061494
0.4011477230655313,0.03280368927096936,1.2838034262784486,2.0992978432847655,6286.384259093364,525.3526282634908,796.3729692255095
0.4013328396890041,0.9165652000768485,0.7547612104603468,11.07550746694326,485.21510656577334,3.2182043613303546,9.071061073955377
0.4015179563124769,0.09922944414812954,7.210375920054872,5.054695812675551,409.29639186517176,110.51885764870839,85.93857028007275
0.40170307293594965,0.14607608082303433,10.94214173698543,7.275160469668305,9245.375419770058,32.92889186310708,19.78417964117695
0.40188818955942246,0.19510018594646994,5.560271029367605,6.0068054278246485,388.33639244183,95.06698206198143,112.29037993647246
0.4020733061828952,0.6221929520465986,23.128071518034186,17.084251033644193,2887.124447036196,11.077711871579572,25.3121703223876
0.40225842280636803,0.540873900444241,7.13534745128609,6.066590253308051,202.04325156446782,17.08282669424264,22.482713584302104
0.4024435394298408,0.3871968786430023,0.9505017299496922,1.0422793875132037,1016.6201386282243,95.0500667015913,207.49499018004664
0.4026286560533136,1.7385132091673614,36.73406344404072,0.4402899425951655,563.8663271180045,112.34292268919964,88.27940360441617
0.4028137726767864,0.15441897819000822,55.18237737143975,0.45570142962613863,1299.2554276305095,27.99649047112236,4.67264186670668
0.4029988893002592,0.07196876735463728,10.554810157598622,20.473795791814243,3449.926089918254,99.4004121195179,212.59584821193917
0.403184005923732,1.6515064252073834,15.15102257667542,1.6525848861436812,1415.7700140742863,19.550106392879524,30.013009711789223
0.40336912254720475,0.33773899449459466,5.106857393368623,2.340975124607714,1901.9832669136986,368.4483102237063,494.7661886747657
0.40355423917067756,0.9676212503459953,25.28410421592726,2.5567277783577778,530.0065081656214,97.04099864451439,84.65544650339729
0.4037393557941503,0.5984519329751015,15.740217784768051,1.3571571571256835,12256.16849177724,271.4359408790707,259.20757756128836
0.40392447241762314,1.4296530266593406,1.5757468243094377,5.854676864485088,2923.8495919332227,161.17464147682864,132.69968389043137
0.4041095890410959,0.09628338235286844,9.353011264062784,1.0578406091478927,2848.2469115733725,142.60887970166957,265.9830638803818
0.4042947056645687,0.7680425221438422,0.5709686329227054,14.4619304607941,857.604799247754,3.1149524979338366,10.052399919651524
0.40447982228804147,1.7503327977829206,0.3959398589872452,8.36380533430701,30.956221822702588,142.4622829060204,261.2596933652997
0.4046649389115143,0.7018979539071676,15.529371868379277,2.6619003766554865,3795.29107172863,43.28084920190457,63.645359623927895
0.40485005553498704,1.6919338263663521,26.6551346132238,1.0420977553280015,4733.371600548473,8.251363651165372,1.7168998139959157
0.40503517215845986,0.6026896195659374,8.397553623841885,2.6019844936635765,720.6783157696274,254.2466260949236,255.55451291423813
0.4052202887819326,3.433532576674432,38.64617988166941,3.0712430551399477,2612.288261372068,4.8501757217714285,20.98606320201616
0.40540540540540543,0.242469167477373,8.419929641854164,3.291744420229609,234.6527510206581,99.05745696311578,119.51676612321998
0.4055905220288782,1.4945143757996147,56.54163187546816,2.062627655812809,682.1673161725156,30.84444415008372,65.1483858530678
0.405775638652351,0.09198312278232226,14.733442332879156,11.236278286273697,2055.496473339676,214.49451741480178,351.2095209709656
0.40596075527582376,0.8416557039636468,21.035105657248966,2.0307949714081186,4500.213715723866,2.5528509092924097,1.502718428118685
0.4061458718992966,1.1469388205354611,0.843452169024156,4.279057177415096,3848.8682548297916,236.01518073077753,117.04170839592726
0.4063309885227694,0.2382355024117675,49.79688170217157,10.150620496888356,3591.6504140375127,60.118353901138484,33.36190541258277
0.40651610514624215,0.9253199368078121,85.60478221229566,3.8254219010963904,4517.977756807035,26.714474311899988,10.464089276339374
0.40670122176971496,0.13934261608756113,21.2831723233717,0.9413422814334349,794.0363862158783,13.290664148793676,8.049273232002411
0.4068863383931877,0.8610694177116115,2.381331624886882,4.0352470858287806,2832.21522993266,49.511465014069984,96.22177034801065
0.40707145501666053,0.12550552838667697,10.100414623583662,1.2130528010405104,6650.9426223762175,90.91314439829503,98.65760151883362
0.4072565716401333,0.4653227691453668,29.585799583767827,4.277690388594376,4488.977144114269,749.4645185424984,790.2365533075151
0.4074416882636061,0.12978179410653656,14.085439311849086,6.220496365451317,1592.1787226145248,14.937501027003549,56.15184723593894
0.40762680488707886,0.4375329407030902,12.525477830555007,12.091089678338163,822.8649820850492,42.83101244460379,26.41821373933795
0.4078119215105517,0.3778540777024868,6.009932381600423,6.76530600079491,5864.725208119274,237.2582958772623,270.6344714369949
0.40799703813402444,0.43006055845722,13.520037405977167,6.887020799309173,1890.1794055913326,25.966737041754538,36.109851606825174
0.40818215475749725,0.10793915394572555,3.6863015611136265,1.5589547924166622,4281.523125248106,100.05794824163696,110.46657076216222
0.40836727138097,0.6415947911894084,17.82552025773968,4.013007717408878,662.6728155541119,16.504831364320008,9.09971993121729
0.4085523880044428,0.8738985899132126,12.0696443842035,2.545747912594588,2764.1454884459204,29.287451561179424,86.77593408682762
0.4087375046279156,0.24105092657048277,6.1705736572781245,2.5496371764614074,710.4198678221256,57.97361392775754,23.67904572269569
0.4089226212513884,0.007723606266442095,39.93321168899781,1.475651953118065,3047.496592996591,42.10874220884545,28.041683968614514
0.40910773787486115,0.010813942606198751,3.0710120450785667,10.620996280858632,227.58159788107858,147.29055624349613,393.7890180720475
0.40929285449833397,0.059689932042679146,4.022900907723575,1.035995684484457,1870.127321899759,6.6267785589881685,53.008440897046235
0.4094779711218067,0.034681040363589356,89.96415176674323,2.579193110306777,1107.981268338218,3.516504098780436,2.9852549361868146
0.40966308774527954,1.161113766897636,29.355912841255034,3.9338459645402364,2085.5422508140373,128.45520594723172,191.33603632089574
0.40984820436875236,0.6188344914056093,26.020536771426972,8.272446828610251,6357.3216008249265,310.082586110947,515.9355511577487
0.4100333209922251,0.4096270679836929,2.1067619587694493,0.6685312539866877,2814.7656946549796,21.281476037750643,54.891945614750824
0.41021843761569793,0.589510258107887,10.919058945785263,3.4883532515710813,9556.291046865404,201.82756123216768,161.51609614735105
0.4104035542391707,1.0022126247964724,22.054989407089728,6.200937670061921,2522.2658592762964,33.31957291742133,75.03951564849308
0.4105886708626435,1.1691660515929245,23.53337378748352,4.772785028998665,428.6719261634685,0.9473957302037053,30.508803290981447
0.41077378748611626,0.6637367375054931,16.292140045158693,2.1787586774377794,1697.367824341865,116.14430724703091,119.98986193804733
0.4109589041095891,0.2980925161561891,4.918516494693667,0.024403853253253744,14877.276675838504,418.60789664439466,368.13100724214655
0.41114402073306183,0.19681081905584633,20.903076731582246,3.4027630724933062,277.5041373509752,549.0083867986124,437.8584615228443
0.41132913735653465,1.0178634119956613,14.796586907669965,8.273943160953248,665.5510894711481,119.2507326152897,243.65930146393114
0.4115142539800074,0.11429869762988876,12.764101692090312,1.1217936397477835,478.80412377773337,220.4291648119395,326.1732075144055
0.4116993706034802,0.11310171865631963,30.69216559976159,6.478789782476083,4668.975732281372,392.9811610181953,496.3055947964617
0.411884487226953,0.10966579964797615,4.892919590103807,0.26148121704372584,119.18658583739058,195.9852429467316,79.06344741169355
0.4120696038504258,1.879455177693675,8.662826996796275,2.431416397657793,1846.6623033776268,118.48498813957022,186.35899952955464
0.41225472047389855,0.07318614762220411,79.62007232343727,0.12501031240198648,177.2616507258177,246.21623964055223,292.7494316257199
0.41243983709737136,0.023375415216767177,1.2878648834565403,0.11917046855626821,2824.474035176683,80.41920816898107,108.82297705416076
0.4126249537208441,1.2303787167966735,3.5652469931729005,0.040172412752856775,818.1403678450432,298.6440814798917,359.8284846121757
0.41281007034431694,0.15053316353535895,2.2006062439154603,0.9405328447858651,332.2222766404486,584.9306587318847,547.8688786739792
0.41299518696778975,1.1601667608442865,17.505660780785163,10.813172503025552,1681.7168234535093,98.06167044310709,213.6584307336567
0.4131803035912625,0.25584904823928695,1.025812852254679,1.1577099746131423,4464.458475588702,239.29595775937167,112.55409154262814
0.4133654202147353,0.0594728581074146,14.26211429460549,1.8987109133374092,143.83408359878808,170.96582956387914,172.85039356176023
0.4135505368382081,0.04162821421465009,15.24007474086639,5.885087902733428,1770.8585627289924,86.18552111795303,137.1374077295981
0.4137356534616809,0.7237654995002788,17.41208443554859,1.1617468169394256,1657.0592659684974,87.84238554368294,49.65459674596555
0.41392077008515366,0.6576910462491914,30.6344058406545,4.901186659498596,829.8549366407412,22.770655331209458,1.384516372716769
0.41410588670862647,0.5044580259218238,17.22243219955752,5.343925918938063,1909.7568637958184,303.8215789358392,288.3093747667996
0.41429100333209923,0.28041696517320086,1.9782171080169237,1.1169869605997347,2270.9778295563237,7.786491840096131,126.87527330823995
0.41447611995557204,0.5972471032962564,7.524464687069594,0.4432407997636651,2480.5389956252425,59.54017228067609,33.902983901727495
0.4146612365790448,0.4539483725700793,2.355221958463909,6.399453766738949,443.483564793677,129.3319645772609,46.51131384728739
0.4148463532025176,0.8276454068177745,6.722580425162552,6.433250252520346,630.4363545237646,181.21002172194977,243.38744025315955
0.4150314698259904,0.12814002725882281,16.24926937344886,10.058279191759697,2903.4566035720627,258.10173269234093,526.890137197393
0.4152165864494632,1.7613133015349935,17.254281487218137,0.742679191503043,2001.5086932612464,478.6870879606886,424.800545002152
0.41540170307293595,0.08127420472389926,4.033207495541531,2.287703226052034,254.9548471366305,29.528131077000868,74.51183763071994
0.41558681969640876,2.0406806251091396,6.8361469432101565,4.700558496008317,455.1761199107882,18.628628652130576,55.508431129373555
0.4157719363198815,0.1304851633298526,15.16607299426996,0.6044641612802567,1312.3274562767149,599.6172051909589,559.7360553781436
0.41595705294335433,0.3215097800348523,5.602478028636381,13.84895080338303,880.4430937997175,396.8689067289767,462.6375494681556
0.4161421695668271,0.3734419557953076,47.8555509871855,2.481874613113384,17.24727457110352,303.1541008325959,369.3398073668194
0.4163272861902999,0.21041708003025728,13.464238566526284,2.689759621181055,3164.917033229924,74.66004490269731,54.95987775562018
0.4165124028137727,0.1816688266721426,42.49247029200548,0.6655794421556765,2425.862013411778,274.41575526930427,159.4035657625109
0.4166975194372455,1.0154173362889198,12.734734002626391,0.12841323465492605,340.04292459187604,50.353143152117326,22.706580646054345
0.4168826360607183,1.5271146230675532,2.118383451166634,1.3508359566402042,2985.423622569374,53.86889157658609,71.5282032526487
0.41706775268419105,0.8491673679961858,0.811292672548177,0.9882008715090875,228.10358982386168,47.82267676351402,45.30794322888233
0.41725286930766387,1.1716194603220862,28.496757616620883,0.8993800025645595,1261.7019135294047,6.901156466964625,32.06609341349189
0.4174379859311366,2.5547973616457296,1.6580595744404907,5.316624077108214,6552.526618466944,11.743718991318417,31.305328897184545
0.41762310255460944,1.0213929024432078,3.8063033452438533,1.1797199104905884,518.0146647411466,88.07376152464977,122.48265212348237
0.4178082191780822,0.7223175319375809,23.524183812584855,4.920104122237652,1940.060640332014,60.746528259212354,112.51599690012884
0.417993335801555,0.04079231896533017,5.663417515462853,8.808651164017048,903.8801753490667,1.009662683999727,9.99065899129807
0.41817845242502777,0.48737388264755566,7.385908528214335,7.746444709838473,848.0493902410143,5.2373440003920395,15.57927880344188
0.4183635690485006,0.015153761776578867,15.409999300062792,0.1745131906426368,2354.196698941702,153.51354165317935,27.179248205163915
0.41854868567197334,0.026892743943475038,10.098368513198155,6.9610358394914424,1227.096122473401,27.01846377346176,19.051774910831217
0.41873380229544616,0.16350325102767882,10.385848759936733,3.0204705822216016,796.1414890530955,120.15757175812426,67.18181946085566
0.4189189189189189,0.45576730015436123,3.3109670539844527,0.7685515508074862,2607.277874277551,27.925037468422428,56.10300023043894
0.41910403554239173,0.9190000658156511,20.64787144837584,5.411521166194556,402.0218077029765,163.03356518562356,100.10209503158652
0.4192891521658645,0.4428661199280858,27.195302451884967,18.90388046113648,211.9504050871923,99.39312953253588,103.83349161048056
0.4194742687893373,1.2113722262585107,15.923527772676433,18.465839514643296,1618.5702347116744,362.262223328718,262.49811710136134
0.41965938541281006,0.3358326442940501,11.590843757661906,0.1518513598281323,3257.5508790453164,28.625082353635715,16.657987139322692
0.4198445020362829,0.06025214799103721,2.199714603079674,0.4339400467856353,2082.242489986753,109.12160579295903,194.42590632134102
0.4200296186597557,0.5620227860770532,4.749020210982209,9.821311945573521,894.7218717061794,158.71593063272468,154.63611525562112
0.42021473528322845,1.6040775279733916,9.888412418767377,1.3292779703060758,1179.2851098260815,126.1230175688505,301.37907867147993
0.42039985190670126,1.9462622276809232,41.88472142401876,1.1048219522401206,443.09667170393675,417.95652246596455,656.6582715766028
0.420584968530174,0.15741962635142623,9.219122368930517,13.825274546755248,998.1986879952141,119.84505216877594,114.63802838651719
0.42077008515364683,0.7439976186464974,14.927922584342232,6.476742268623294,524.2157689718399,419.33524576907064,484.4753248760322
0.4209552017771196,0.6911727066083257,12.499549653130119,7.758830466655714,640.2552469041807,147.87363408189205,100.02036630759794
0.4211403184005924,0.814523962895466,14.915024415835193,8.64589058688263,1408.7237306475097,20.030185732777312,2.4912293890209525
0.42132543502406516,1.061739514974187,7.365149352719747,11.83765611143754,3930.487900731036,101.05297357123366,87.87157371999022
0.421510551647538,0.4237532448112027,17.69265201442229,0.6433106662848268,2958.203553847578,377.7573763372457,315.27561984145336
0.42169566827101074,0.9202119404583865,62.91689022290591,4.221169245286671,1081.9140126628529,18.33523527520643,26.9150734268941
0.42188078489448355,0.08767630853893496,12.788526631098417,8.085076101346386,296.05826467854087,75.07969905586677,46.13186124071426
0.4220659015179563,0.32161246463497756,23.30147611521022,3.892103873476088,826.9939458483896,69.00005856177775,50.398692410634595
0.4222510181414291,0.518448157373268,39.16211619825194,0.38676980626158886,2851.4002534139945,252.3830272463731,197.8100889480793
0.4224361347649019,0.007207577330749389,13.676695186813284,4.571138178166825,2503.15949983227,156.39184708496305,87.4573347220667
0.4226212513883747,0.4631224285882867,31.120267423714896,2.008999719705577,2007.3862839336318,298.01299452160043,332.2879686739318
0.42280636801184746,0.38984302028986473,9.124949342647668,2.5611376456350716,10692.707088921694,268.0315629898583,197.31536478884374
0.42299148463532027,0.022771781547606146,9.21323032685072,2.3766418789230217,2120.1854805207345,126.8276456582511,139.76518206581036
0.4231766012587931,2.8087557436165533,6.334617318823574,4.969958307556276,3791.87990373101,80.006959174019,40.43435418970322
0.42336171788226584,0.6620419215647817,16.031396161447432,8.25583280572773,89.96243608673375,101.45793113041167,115.00690858797157
0.42354683450573866,0.5973157390053566,11.129016182752961,4.15361038293307,2307.7787130446436,23.09263880675699,52.16276831415434
0.4237319511292114,0.8732171970575907,1.358857751452895,0.7289678590485419,143.51614005657058,123.08457171267942,125.18916177750958
0.42391706775268423,0.03652210271662297,14.88886575337628,0.5263156651048693,961.3701428314897,503.1745028299636,143.1143893287132
0.424102184376157,0.4366844877686406,40.91624294963296,9.477780631154502,313.3069363068293,222.819920167035,113.30449805757813
0.4242873009996298,0.15916334392406878,0.1881566992361016,15.907665630841898,1902.1422730951037,197.3766402721666,22.686016149384894
0.42447241762310256,3.6775741151511174,35.462555276057266,4.32526869991731,1237.8237450913105,203.7104925345031,125.21669029649745
0.4246575342465754,0.8829896983115465,21.471768574830676,8.370396265015936,2889.6787669882083,3.1464581526605513,26.82670712166718
0.42484265087004813,1.1754408677157455,5.812365834938535,7.880462363501838,1210.8673418921796,64.11211299869797,100.85162721639107
0.42502776749352095,0.21357427402142673,19.03896691257325,18.29630267391446,2294.374729200762,202.92114936070524,303.1381526359825
0.4252128841169937,0.8062533243817961,34.00571462714677,2.683912240536786,106.51005320968473,199.13263422847237,211.0730813639007
0.4253980007404665,1.7034975495735876,0.032169732835208444,4.092096168960495,615.7344619962311,152.39492930794,215.2416216777822
0.4255831173639393,0.9146553923408919,39.544627414729234,1.985915206796835,1641.6632431468304,223.33709359407115,311.61595167867296
0.4257682339874121,0.5326251918213888,6.9829115855874315,10.54694560936565,281.36318216065894,53.16471302132998,88.77451947329477
0.42595335061088485,1.1225377370018328,22.017136656452816,3.546956623669604,1985.0148906547195,30.47196286103759,59.00400656457302
0.42613846723435767,0.4645289542012139,3.5140027362502697,13.844151317750049,2970.4628198212627,49.86803887130053,45.74044678494424
0.4263235838578304,1.1079682353425386,6.594531544871051,1.04654993806712,879.1140603011729,46.61075155603314,6.031948968957686
0.42650870048130324,0.13580836578225663,21.062626643151738,1.5949782954996072,754.7599246543298,218.39480947290468,289.8353481281879
0.42669381710477605,0.6457724327599853,2.576978307643499,6.460326266667346,3316.760609055843,33.488701790012946,17.16666822572731
0.4268789337282488,0.6532316437918493,8.327726984065723,13.462829490832327,351.48938122473277,126.56019543700101,210.7882380008826
0.4270640503517216,3.924778761759971,1.7307972883288343,8.039928558242227,321.0359175019577,206.2001874676999,157.01637060507974
0.4272491669751944,0.41613296252361387,27.37737775538359,1.5869366392426432,1077.6767842509357,61.02470776766203,140.79009251796526
0.4274342835986672,1.1728628632988936,8.639110448805008,4.012706416276882,3347.3909081368906,237.6829826220275,389.9635067764162
0.42761940022213996,0.025793055739899474,35.89634729745912,1.170014323642913,5661.835047116207,97.61748393079542,102.45571732420197
0.42780451684561277,1.236230486786495,7.200302041695086,1.9066867526351923,222.4090062494812,239.780735480204,348.1418210978424
0.42798963346908553,1.0505520989404793,43.60505246585841,1.885960751456877,3413.958901973023,28.56097277292757,59.28093413046106
0.42817475009255834,0.34928139236858635,9.518160408926414,14.35448924976457,5267.607003629788,134.0185192666548,163.7604100429234
0.4283598667160311,0.334154243643825,21.922304959056536,3.1607164377305574,2046.6753460533573,133.87839913255195,273.5263290298698
0.4285449833395039,1.0352635046437326,17.06763663810772,5.259999570512873,1925.4451660613818,18.858879230942865,121.81865585929327
0.4287300999629767,0.5745603699570925,14.607921125084598,0.19363181661185228,4952.685110239929,90.34158423740726,113.02929902773184
0.4289152165864495,0.022147484760788833,20.771321042167653,0.5300274958785143,1296.0022153275502,50.248415067849734,15.50765229006323
0.42910033320992225,1.0210220106566135,14.11020171527368,0.10982687427582662,2177.144485461901,46.021933219653285,34.71421815069196
0.42928544983339506,0.2791444701742589,11.813848656955313,14.52162646510641,37.81951845304192,39.13857012660814,54.652017758919634
0.4294705664568678,0.22132194679535694,11.841691745310643,2.707183654119256,1158.3361931023144,61.41507464002213,93.40189834933415
0.42965568308034063,0.765887793190589,0.33240325350785793,11.488114842375971,10034.637174184607,5.6712391225122545,3.9104060685254693
0.4298407997038134,0.3826013949658309,11.445425151406985,8.064888433701654,856.7910258511561,239.37410528389677,235.67560616781932
0.4300259163272862,1.2143016722484723,5.591869898329909,0.4391487055708228,2509.4020830671625,137.32796999558582,149.39958995502406
0.430211032950759,0.032418072416124245,0.5873389103459326,4.637890180267287,4690.725694831067,111.03895987369116,43.29918444028055
0.4303961495742318,0.020471839744775757,5.709017935821152,0.7823207005290177,3730.1734507376373,40.58530567056654,54.31099452772266
0.4305812661977046,0.22433114306847746,0.4704570683817796,5.643506331322149,2128.7886381740313,91.02876182187072,117.17305377692696
0.43076638282117735,1.7597633459167519,17.39907212822612,5.752037197847612,3998.5858418008843,38.88284043390644,48.50310181722536
0.43095149944465017,1.456774163409614,53.518231725177024,0.3995006094549184,725.1134984864223,25.96473102859185,62.092387516548676
0.4311366160681229,1.2884418386196597,18.929495861711022,3.98438188740579,1563.2962087934607,7.822358700423898,10.204078112569137
0.43132173269159574,0.1130993759469894,16.97484598896097,0.14573015954713223,12637.750047719574,191.30839094666328,343.5080475238238
0.4315068493150685,0.052332941116959845,11.981131763162507,2.9369028741216994,1982.073765879466,148.6877757763698,77.94760009496967
0.4316919659385413,0.21530139024511596,30.256442657016798,6.997490267116146,1156.0159811629715,51.905031914866335,4.383871043362867
0.43187708256201407,0.559261383568563,10.297069799193743,2.127780210603179,897.3057143432154,9.436863299424422,5.735330503272719
0.4320621991854869,0.14338165515419157,2.055664490206387,2.5220823496528646,1361.3815693614415,194.9313468841138,98.64017905375825
0.43224731580895964,0.04664496476034966,22.340684514065455,1.5339003028546385,1237.5217017277334,17.580891287651458,6.051065681521363
0.43243243243243246,0.4759517872717401,35.532452604291244,0.2762909659003319,52.805501390579046,33.11758637598771,6.105060860155917
0.4326175490559052,1.053989443324487,21.00214064559197,1.4753308070762667,4510.569554276355,89.50858985838467,43.89483047073081
0.43280266567937803,2.526347516981231,13.875943129334644,11.887961408627366,674.1691903005807,86.30263753046243,0.22377721360632935
0.4329877823028508,0.4400879593356685,15.72740993100192,3.2273712732172997,783.138571777437,357.95117978567566,395.2693645490698
0.4331728989263236,0.1845168062729946,1.9773854079712805,0.04443670133596424,936.354558713319,13.830439265180793,16.77758420957789
0.4333580155497964,1.7887488089271752,28.350315103683997,0.9540888642572248,5821.624964683959,158.82132163033071,342.37408258608355
0.4335431321732692,0.22929496021658327,12.457369281001023,2.2510667415642818,413.42152315586986,33.38337636423193,21.131339831615804
0.433728248796742,0.6284864355208943,0.11006606540515614,0.13838451083747114,492.4522706477016,272.30682328261753,263.41353588221574
0.43391336542021475,0.019381940430859237,36.808154381242964,7.332036334130928,1820.0306123917462,236.09543380138152,254.20203690010854
0.43409848204368756,1.0572149675779776,17.18920579799747,6.453811209314959,3787.600516628551,43.904341052441566,83.78068680214467
0.4342835986671603,0.5272173643324252,32.12945145578838,2.01438881763231,789.745314163224,248.49707054978992,363.6531073886976
0.43446871529063313,1.0879129958634024,40.80639424907686,0.3831764384304666,724.9076880197377,86.30761306564807,203.86884151107063
0.4346538319141059,0.4636082982040599,9.514749798179755,0.9996125984496694,1544.180798747402,71.78789088690007,172.58242783663988
0.4348389485375787,1.2143300377043875,5.886422744646112,5.5994336146899055,2039.6314191242684,38.5243735942435,72.58455695922171
0.43502406516105147,1.6997007975759904,20.505794816079213,1.5307056391863607,231.82218901457247,128.4623159476538,127.79133976358183
0.4352091817845243,0.38185617660282567,3.116791658240045,3.0529248335271344,18685.860451235232,38.94686350432867,121.2432625867549
0.43539429840799704,1.0233304465270288,2.512047792166104,0.36798777107360725,2057.3687746455253,71.73231553214382,82.03606997279842
0.43557941503146985,0.8860218080240103,3.7129538065372634,11.173213511146436,132.95033248769016,97.02570398841526,102.92147006131819
0.4357645316549426,0.2521273108324948,55.45622059802312,2.1834928449326476,4148.104643763184,6.15023630197779,3.1100305017945447
0.4359496482784154,0.7013217463549181,3.139811932259708,0.5580461876735328,5220.114144941513,72.99863929005863,123.01076266226303
0.4361347649018882,0.015357838214272404,12.090583138979419,0.4675271314381334,3415.8307179019985,117.64465545435965,247.53292415182975
0.436319881525361,0.42163019052008,9.327264592809941,2.4914150023452843,46.6616338911658,74.50876286222567,17.081898240507236
0.43650499814883376,0.33858613569199086,4.215598305618157,1.5948956955940499,170.16834352400232,42.79577690512572,66.29224035419529
0.43669011477230657,0.4976427523718744,26.437803039400507,3.2585648247026535,900.9120343145227,100.58081461101578,122.72023146820507
0.4368752313957794,0.25992057013991104,15.884309276162721,4.17492303486082,1339.2321496835648,180.45581166715905,410.5533638030936
0.43706034801925214,0.5872930955043785,15.655737055380268,2.1481901446994347,607.2368577864848,171.62415462985942,455.7758125378092
0.43724546464272496,0.49881960893308497,19.61696309571251,5.489725927878605,1827.2735518786,126.0097557686444,167.07719737820523
0.4374305812661977,0.19895632649376108,19.7221933409445,3.427721724819893,708.5392538093329,287.8976430894353,534.8631493336125
0.43761569788967053,0.03407336771766588,19.982933830146756,2.681547735124951,2399.0980090352245,119.28072819132589,106.13134640457083
0.4378008145131433,0.12236976350998273,10.902428657587024,9.310096731906233,604.0485402801116,59.91887297055823,90.23213083204921
0.4379859311366161,0.1339458968146965,16.16697854087008,2.099560665027009,950.7751615007933,44.74629274304212,93.01660402070775
0.43817104776008886,0.5175913705186141,1.8534894913560185,7.433815799630508,310.0560224400443,211.5744209640018,334.28256784641377
0.4383561643835617,0.25635483526239017,31.698769592553244,0.9937222092455646,1166.9969520491263,62.523195347274005,76.73819504510503
0.43854128100703443,1.2281517017519523,50.722136220973624,16.490785917344013,5831.567333404344,11.658332130870654,12.114821098535849
0.43872639763050725,1.2123105789201718,10.735362450214506,10.658463404965472,2315.3671240512813,409.10115505039454,455.3951527049499
0.43891151425398,2.575072907552806,2.7588641047609506,2.114771571540174,6029.285001235407,9.536557593866682,12.489699559758478
0.4390966308774528,0.11249305049220537,8.037457629316291,7.538449564643294,1130.983085040353,121.33387673811008,76.87296231457424
0.4392817475009256,1.0560173147331764,16.67968940116511,1.664882477397434,1138.0351008231355,199.72792978594228,153.38739022690774
0.4394668641243984,0.42810899936692853,14.579542135439379,0.23555772060791128,753.3239325918792,96.1498046356665,158.94286631554485
0.43965198074787115,0.3918757019187552,19.88038221859596,0.19296344124377232,3578.9803093827736,25.40533577986498,15.694921528166452
0.43983709737134397,0.13882277757444125,1.6465555006529948,5.087904105351156,1602.297551674315,69.17387001995014,116.21334293667867
0.4400222139948167,1.4215128739435385,0.7190094351558659,0.808428536145488,1014.1948574963059,60.978902339327604,142.44072228580683
0.44020733061828954,0.788141084436265,1.195971632300921,2.3209124154158043,106.36432891671657,416.30175957310104,531.787957606196
0.44039244724176235,0.42127063141836896,7.439638659472786,4.797885051401145,1138.166969477132,135.09407397626876,107.79304685651397
0.4405775638652351,0.26511691184396813,21.36158621065158,4.421349452822852,1000.7287852345445,60.4074158602312,95.66688118253762
0.4407626804887079,0.5540950619290296,5.435435219974925,4.321928502186932,1199.7781544118857,241.00505405921075,104.13406743288961
0.4409477971121807,1.6678513606979866,109.19997068297339,0.83402776985864,5049.939103710645,192.22556557280134,318.1385173394885
0.4411329137356535,0.2699532078570078,16.70848335521101,1.2521726999914666,6143.949936521229,12.65916207634578,43.02693570716585
0.44131803035912626,0.04792687458325496,34.8528685340142,0.39500969852026196,72.2219175045014,30.130093421395983,80.2710085545653
0.44150314698259907,0.5950614808789555,11.179742445951568,0.08444147739027721,6163.340621848634,172.88898746682187,436.6993742305287
0.44168826360607183,0.2112762320378234,0.5029458054729713,0.8836350452148124,272.76788685641964,28.750573416935804,45.32682111582436
0.44187338022954464,0.613119660856144,17.280520558471494,5.850161159325082,3976.530231891051,416.7072455062912,210.31411295679118
0.4420584968530174,0.4195631173810607,1.6467251941657248,10.44189645222917,411.1659589728695,232.10677759839135,203.79052482224483
0.4422436134764902,0.2177941895246412,1.4427926644948674,8.463989151773953,3123.092452254699,244.23747519549235,141.50731628015834
0.442428730099963,0.48834038731109647,18.758631021571706,0.6486302515054033,77.61768300115305,25.93730077113254,7.696989587288215
0.4426138467234358,0.7172904154872995,3.1722115253464565,1.1063040974455727,684.8445808938819,100.5004475958088,124.4170393380495
0.44279896334690855,0.002825727810044939,4.814707233116389,27.027321548902034,500.01903520336253,3.334904120261295,13.822191012214335
0.44298407997038136,0.3908455742815415,46.287842093324564,8.052563168695063,131.26554082100688,106.3878298579284,311.28958119538026
0.4431691965938541,0.12488700213789884,26.52215473951713,0.27425707826165385,561.2460960337731,141.5767957631019,202.18911892788344
0.44335431321732693,0.8410366903723345,6.912821762227137,2.336254976099823,3049.559135842242,6.80369778192253,15.493722186654422
0.44353942984079975,0.48929681699011357,30.28936369684453,12.024856734373003,6127.636605345839,33.95912816237669,139.65503440512472
0.4437245464642725,0.11219930845463562,22.000972700901027,1.8717071727433345,1360.0251668806454,63.66219930129614,54.21860864684771
0.4439096630877453,0.6064594397405509,3.841424832577699,0.6873877623191366,1893.4687323527712,4.7467058650752305,23.60860479803995
0.4440947797112181,0.9406891026876057,5.1195243773219055,2.033893107886422,2706.3369439061153,75.67450683161395,242.58299215861052
0.4442798963346909,0.003740550003365318,10.408803746577629,6.547622382002284,6723.187864895873,12.307581038169474,12.546825437221385
0.44446501295816365,0.2987905225986513,17.928705173011938,1.2626425305575213,2346.694614503222,283.3561392884554,151.1533813133656
0.44465012958163647,1.2058104572290147,7.4477025225540405,1.9106223797643436,593.2658878840491,82.89925221646438,97.43378943397266
0.4448352462051092,0.4874286606256276,20.562887782634455,0.823492539039986,5943.0968818817955,173.20821766469126,254.46813674455797
0.44502036282858204,0.3991778907495122,1.8864965265898004,17.729080932515977,1510.0295344996969,49.089560153695345,11.932658290420159
0.4452054794520548,0.07321463222381767,39.03245186606628,0.16963821067844279,1212.0202191030671,81.7571608771901,75.92375541171589
0.4453905960755276,0.5300616550681625,0.4865377624939276,0.7902241441238934,3893.8539183858165,85.32367119364154,65.26023814189469
0.44557571269900037,0.35332081252107156,6.542229520894277,2.001441991962722,7379.15152766443,83.15735388955231,58.688080959183914
0.4457608293224732,0.823663712054642,45.13936257011586,1.1274109303414035,4949.9925863622975,71.43062732704645,162.09515886802888
0.44594594594594594,0.38360414756566835,9.078926231653856,7.033476889938476,584.6075010436324,297.16978032049457,282.5972133289261
0.44613106256941876,0.23254006300647362,1.0058430835048895,3.3726613604307065,2602.1961808530996,57.97890980956459,74.88502542877819
0.4463161791928915,0.2649804869543201,0.154781227962781,3.4325312007806645,2332.0390347003013,8.410236663079262,18.287618646472673
0.44650129581636433,0.39433692217085325,33.939881603632685,1.5106201693965224,3285.907384189159,43.290037519863425,12.698748613421474
0.4466864124398371,0.9147569029978597,0.19422389728198727,1.166183773607146,2311.274356878389,75.00198598919938,43.08174858156139
0.4468715290633099,0.37294104375651616,15.046464306372979,3.9971423028087374,2031.7177800972727,31.62965967953641,19.10076044883066
0.4470566456867827,0.24347532208757805,3.1235156164970292,6.829531572174259,711.9499375095496,5.169759755950829,47.23449758718144
0.4472417623102555,0.08722142571299177,3.508138627227242,4.431385540682042,4613.025332000557,1.3305501801278787,84.58756279866094
0.4474268789337283,0.1678838877497197,7.710442084664847,8.93880351710341,2472.8498678915557,7.254248524650571,5.955769320465116
0.44761199555720105,0.2456062270596427,15.483536878955315,0.3718848703891968,116.48643652745825,45.26643229336386,115.84021894232738
0.44779711218067386,0.03773115841758941,7.739880967596856,3.8234181714410327,134.38583639408054,321.2745826319661,331.27166080547994
0.4479822288041466,0.15979538032793228,28.12858594822513,3.2296402036778282,2270.2470385005204,175.16515463929792,143.84497713633186
0.44816734542761943,1.6409896950090752,2.5769200336121814,3.2433127006426625,8314.027838026002,258.9148792361436,257.7598010195942
0.4483524620510922,1.1659455607714118,6.093224774458214,4.118695480390594,1948.8515754503453,235.62500677629157,253.9371116255293
0.448537578674565,0.5894471524551779,29.351724360181123,0.4843412642484854,1477.403172895293,678.4224908834439,564.1603923274102
0.44872269529803777,0.13673025274734726,0.6782851190924745,0.2469083179898358,4450.61629324654,119.14435457696982,194.70047183097932
0.4489078119215106,0.11669342583195888,15.049301019280978,1.806381600925979,1454.2489439774274,200.6863306672667,274.17912390325534
0.44909292854498334,0.678698371534939,9.082490286863385,0.25575765402717693,864.8608488030218,169.37172176033965,129.10479975067375
0.44927804516845615,1.5860095049224963,10.767498343039428,3.1915956499417084,2416.3313888344223,374.8241638248125,335.36297766268893
0.4494631617919289,0.5393472610313308,6.777163021354532,6.000689768984075,165.87837041219663,135.2468139808239,277.6797086173711
0.4496482784154017,0.1955692782208215,4.407096649693575,5.848882077697045,194.64785663142104,29.70100233259491,17.325453144437247
0.4498333950388745,3.7071108407657296,0.9886079135771728,7.828286634839011,200.73770471378313,87.775219072978,146.73076892814098
0.4500185116623473,0.11141528624096173,3.909571202495195,28.969141115267362,372.4792904904779,218.88738806686084,168.68935136786817
0.45020362828582006,1.3820088413604492,22.25161803975825,8.757633088390039,271.85594987288846,69.25073115579315,7.01505634631222
0.45038874490929287,0.3355840286900278,7.8755860510741105,3.7229529892449937,384.5846022896326,140.10722861566754,249.60172265929066
0.4505738615327657,0.12384178164663259,3.5800959493339035,4.316439347669067,549.2366835693358,67.80108715613432,106.62248138260374
0.45075897815623844,0.38051071905381295,26.5546609005646,0.9692883301508578,837.7435274719564,263.5071103395489,254.67628878749244
0.45094409477971126,0.5007304084144487,26.05687198211854,10.314668045608277,1040.3049095781284,18.064713612077632,19.127046374000777
0.451129211403184,0.2732918813339071,11.418266451151647,3.9655773066629303,38.902279449954094,0.03110403299417418,7.672771576331513
0.45131432802665683,0.4411778980859213,10.918496600592736,8.194042781018052,2710.7275094361107,87.81076644841373,123.19622915908464
0.4514994446501296,3.416642498910836,8.917582943495836,0.8817907912188679,166.3763398067741,231.59586368684754,200.78247677795963
0.4516845612736024,0.5818399590962791,9.138855281384107,1.2052219651894578,3057.7997557300428,64.09491811755561,11.286103377283167
0.45186967789707516,1.3739361948545792,33.367480119766874,0.134341418111959,1663.7385891953322,5.949650029337562,28.911803176842557
0.452054794520548,0.9990259381555889,21.301110234572036,2.6264568028299013,288.92193687810214,0.08440415564365739,57.93091506647214
0.45223991114402073,1.23555145645913,34.757370829681975,3.9201490082162973,826.9326303787243,2.263796016093179,13.11134119653578
0.45242502776749355,3.174294685103543,14.50432225650975,0.7326066581357663,2896.4952174391874,312.63951031216664,200.2596875855206
0.4526101443909663,2.545306710105691,6.503897781249083,5.996132529851483,156.83590443884452,89.8814697299062,115.16682247562198
0.4527952610144391,0.19867345295642216,1.3968682875580396,6.3744568766868674,888.6613381949762,61.013636880464084,35.839219719813705
0.4529803776379119,0.5887585600764977,27.11801522552089,2.2255788429924834,145.74487248974935,340.76857402625785,297.32398137893904
0.4531654942613847,0.8367223900710682,12.411208040179273,1.5614657037513464,1143.2859327756291,25.928998285858963,36.05490891710218
0.45335061088485745,0.03370531133769821,6.840111007271533,4.645149551138389,826.6135143095476,0.07427597831616418,5.389453553473975
0.45353572750833027,0.5623212973067903,1.333705715456105,5.623921141567161,1658.3952506530634,382.1825407042582,245.09378437368173
0.4537208441318031,1.5775284168164703,20.91245858593977,0.8200850996475404,744.0471994697602,97.61361506355645,171.38944765772823
0.45390596075527584,0.053397804958846336,36.67733907268172,3.985430336225292,2008.3332493342696,249.2042824293969,153.64345426497985
0.45409107737874865,0.0034856689281595457,6.4995220679048975,2.1292995642215296,1075.853459616338,45.121858377512986,73.74357403714558
0.4542761940022214,2.259505743202337,1.8567182942764724,0.7706286962367138,1025.494287829624,426.0858308556808,371.17977965285877
0.4544613106256942,0.26597053540087506,8.474584642384203,0.443237880729755,3259.1144803800325,135.34040867794613,169.49009155378062
0.454646427249167,0.6534228981384603,0.7803046621234295,14.315751002006166,792.9773753522308,23.14304204036752,13.967364992200485
0.4548315438726398,0.8241263716920145,9.188842247716721,1.417971026267919,2215.090672847939,157.88690039373367,221.97669325461095
0.45501666049611256,0.4961766537526515,0.3661557435962484,2.9323097135615592,5400.960600920845,121.83880298421971,124.68555531327956
0.45520177711958537,0.1715964740940603,35.17483838967101,6.41475622733097,104.90605615296299,93.82592236123435,87.05305062342173
0.45538689374305813,0.5376449135622873,9.81463090117218,9.910415979277403,291.8780408172013,86.95850457635414,147.80035157489385
0.45557201036653094,0.135267845270046,10.308912303485009,2.6503013262230994,1427.3693626671648,75.7197496805578,142.5018536295087
0.4557571269900037,0.5093651948671819,8.519543785443066,8.932033236405927,8313.600876887745,31.675028735734614,0.7810034833716989
0.4559422436134765,2.422233160141389,37.252887563743016,10.798032238213416,900.846155685671,225.4653485903978,294.5159257014075
0.4561273602369493,0.7884856345345272,12.996444080381607,6.909886621012549,4469.067952233268,211.04154309870458,324.71920835472883
0.4563124768604221,0.5099997925727291,17.736770419722014,11.405935779440766,1570.6784588010248,164.71556815664584,533.4491729623601
0.45649759348389485,0.024063024956343427,21.23540355567216,0.49516108372882645,651.6409295028557,43.951709559752835,187.59225500173616
0.45668271010736766,0.2033457509555647,4.8429651529852,1.3419771929272748,734.9361326803805,165.66861051181007,275.1628840626549
0.4568678267308404,1.371415838708405,16.511065776629756,1.2702103452543612,1617.7403187307343,126.795822372652,200.8359737135289
0.45705294335431323,0.5521619559802876,37.314436624382644,9.760903933489933,3702.6244972783734,113.8706594672492,140.5542677108475
0.45723805997778605,0.03989430840288302,50.32055405112837,9.583070195739621,638.2013968615587,74.91300210810971,73.75572145149441
0.4574231766012588,0.11154456033152173,8.739589410426982,15.324012603022894,411.1215459298738,41.39128226349281,51.0015473121241
0.4576082932247316,0.0061522956679884435,8.263501045024402,6.3598916686838605,1389.4540535739568,20.65308236730861,15.49680691190643
0.4577934098482044,0.3867164501233878,22.147385806455027,13.012410444836226,1142.885814677652,11.76113200505952,31.061645449250015
0.4579785264716772,1.363114093439744,29.908981714991942,10.490273357339106,3081.0541984820975,198.8283652515088,68.50675479422648
0.45816364309514995,0.6015324453575009,9.855273620897616,4.981644627176821,699.9938217363422,7.310567502903941,36.452341738248684
0.45834875971862277,0.08069044578999414,16.548183516583858,2.6715559702877307,561.3704695087907,438.50475079213544,467.522276007382
0.4585338763420955,1.002988216177881,6.124570293951669,17.511830910170726,28.357675181904348,33.40873388179551,34.33996864212632
0.45871899296556834,0.40582822530036367,0.5092953333876872,3.961287654721006,446.85468958657145,151.47762546706002,240.24314362567202
0.4589041095890411,0.21793719339610126,23.092967079102536,8.921071562168988,266.74100599847577,98.3368513631511,122.31467449395907
0.4590892262125139,0.20704941928099455,5.642040248604739,1.366488514079795,507.2032596246132,208.6279346566433,301.74710037859165
0.45927434283598667,0.04648338417483768,6.4002759700826735,10.237311200253078,599.0239855891648,149.55232608012122,262.95191386049424
0.4594594594594595,0.6363388096781107,1.4320496999915495,6.068854062081713,7451.762735402354,593.7218093551388,718.7596611624031
0.45964457608293224,0.8557287142986321,42.5944004211868,6.080200840458582,2203.5360852800313,323.6680721629866,223.81557018066835
0.45982969270640506,1.954978766741008,4.105590432268231,2.6955447001966477,182.3169104751596,90.7919936044423,33.249273681232246
0.4600148093298778,0.4592614393816252,45.505619710758744,9.680662110003334,2106.2334937598102,10.754030786820703,17.251639048940728
0.46019992595335063,0.664824821900838,17.445969773454635,4.98973047124065,37.00734969550219,26.245023795041444,99.6055913901925
0.46038504257682344,0.03453721250535715,47.76289434721764,26.181146300894916,1200.4133149496076,459.5275201178641,381.8953714230328
0.4605701592002962,0.17230801497500337,14.25828868001735,8.826149073424554,3672.250582517063,130.8348068829514,186.5540661064324
0.460755275823769,0.05120250839955187,2.9570382462509808,2.1014325245658756,310.553853149358,16.29101712335078,18.536281135280557
0.4609403924472418,0.5505128199370789,5.1594024396686935,2.0333944851125016,43.8701190845916,4.513554933807008,101.30136275833128
0.4611255090707146,0.13803362697935204,30.851615842641753,3.1435034282327075,1132.2251519578076,57.040461982497405,152.09768349295874
0.46131062569418735,1.4766036990331666,13.292690432042068,3.8106134346399863,981.843346705862,342.23088585743335,270.54986099359786
0.46149574231766016,1.3002706145585963,11.090655857864645,0.4183803213203214,2822.1871975767112,56.504293165642146,307.7470101900278
0.4616808589411329,0.5398787275743094,4.824673557800596,0.1473142513340854,132.07773318713063,113.66265785266553,103.044965780385
0.46186597556460574,1.3620307788721793,21.170579138188376,0.947287305594438,32.48308533946431,32.15896117344819,37.85918576663668
0.4620510921880785,0.23125675696134287,10.689801930685325,1.7129015201370767,1024.7474838412918,102.31776445342423,114.6599682325086
0.4622362088115513,0.36176618847635106,15.982483205557202,4.3264714747781765,823.8611837817753,129.29819239765203,376.64497488814845
0.46242132543502407,1.309678695915864,29.748913190857166,1.5816424128548838,151.7330079665831,23.420924300414637,45.722244852371254
0.4626064420584969,0.08845947487708884,34.86483290328039,0.1832122219609222,74.03518936256141,93.42422949095344,86.25836125124808
0.46279155868196964,0.41621743972526837,2.28170484257264,10.962051516127051,2793.9065611767487,305.6174937952974,303.2538483096728
0.46297667530544245,0.8369445035018818,3.2665951854409916,7.305487377861412,7056.703654991103,66.64325280971565,276.05693445280104
0.4631617919289152,0.3443241507421716,4.407936485620171,3.453094304360644,742.4190989346919,158.66033234471408,190.8098480857752
0.463346908552388,0.5314668255989818,27.312468579070327,0.37128200440871845,105.98091442845642,93.47347960011432,65.13124060098167
0.4635320251758608,0.3375977751655362,32.01121364974617,3.774865275531546,81.211536106571,103.62097009353946,68.15618580606663
0.4637171417993336,0.23303256321233903,6.048395293769738,6.4925174732477675,2468.5182299943813,246.0370666227688,201.2946246656874
0.4639022584228064,0.2945959648549168,17.513028429083548,1.6635750330836174,1020.100293334695,75.61578674829539,55.10318093905748
0.46408737504627917,0.8063829736297923,18.748857050259144,1.7049474270967138,2224.1440795969347,179.25832614791793,159.4033417498011
0.464272491669752,0.1713167006594736,24.675844216762112,2.7275289838029955,770.6660691444685,233.25154877398543,127.31257114540215
0.46445760829322474,1.089254212635964,3.2882494536652707,0.07057832771514891,140.95019611994329,51.35524190928118,24.732955801799317
0.46464272491669756,1.7388885893358832,11.840954558381508,14.158697803310107,533.8189489246905,185.97724418454774,273.05567729225163
0.4648278415401703,0.46036147998854393,17.053623739699898,2.282296441498299,842.468837087145,35.208271026569236,0.6418805223693835
0.46501295816364313,0.06890349099973651,5.92771419931882,0.4419285474186971,6021.644856095403,107.79209693983864,87.28779420613832
0.4651980747871159,1.348123135960006,12.712101384868726,1.5196645299574196,747.6918983683601,67.57164493273757,46.983495205474746
0.4653831914105887,0.4070299806309468,18.47162994343424,2.9388680202618365,1337.6464400191942,32.15040677432908,46.91825198097456
0.46556830803406146,0.6042677860745207,29.5183184446667,1.1897114325148053,1528.1572079601435,17.757858592944846,18.64659389688081
0.4657534246575343,3.0707054439217245,6.400611219007476,2.671613806159068,3926.8776617294047,121.8782767876677,40.68701804111539
0.46593854128100703,0.7752642930497926,2.0262152031590084,0.8620482011620687,282.49935716258574,1.8128027568596947,9.167974999738647
0.46612365790447985,0.9380491570605269,60.264673018601826,0.6944475203043188,4480.94296984697,173.68967342568598,423.64923920732906
0.4663087745279526,0.3054715536928515,2.3415145358898983,1.1896551133258308,873.0545416183286,80.24946419738713,198.59675225662568
0.4664938911514254,0.4510951064388322,2.2488203777544924,18.444255492318224,2485.6970613042013,143.26192598585868,232.3365363254369
0.4666790077748982,0.5165645706370399,22.461546395842912,25.94614367702744,510.0614661037349,95.00051519225724,158.44815093583347
0.466864124398371,0.32156380907375587,12.928272102110459,3.3226647199158834,1998.3067179912848,201.0657273457858,301.06608165007384
0.46704924102184375,0.3071523391020719,14.800958398019114,0.1682912557473932,1042.9107499460304,34.61734587984152,14.420056768657433
0.46723435764531657,1.1224847858688205,39.98372084455644,13.411584423203145,381.018309550301,463.18176463931854,777.3165776494446
0.4674194742687894,2.13248118698442,24.034641254069747,0.8212926794882766,6409.910247645789,290.3751177201242,309.1813323953933
0.46760459089226214,0.29035355430249943,69.09797812388153,6.734759806125217,1933.4824605618753,503.2509310538124,370.5136345072566
0.46778970751573495,0.6119399920347518,54.718964855267245,18.389477192956196,2357.1140518380316,307.1692992429055,373.2833732161853
0.4679748241392077,0.7448696369897967,11.122364277381292,0.5175594262549279,1135.3693025622736,11.822605248223512,36.10411849258102
0.4681599407626805,0.2779183086310437,4.207911697737991,5.3184116101669,1555.8257540742643,196.6558654817281,194.3264202430212
0.4683450573861533,0.177502834586007,2.9175958396797683,9.279330073134593,310.2318494816206,183.5005476956828,381.8912860515553
0.4685301740096261,0.683033541089788,48.392349510091606,1.2594664774283248,849.1609155782851,29.718047578694947,50.73535004431305
0.46871529063309886,0.005856475326865631,6.185007903625297,0.26663177966621165,323.4255028899067,303.1448765374474,379.768658761236
0.46890040725657167,0.48133665191102104,7.174999402962989,0.94614418310862,2837.7306022883804,21.945017355892176,1.3171797987733116
0.46908552388004443,0.9518438644233359,24.55787463137515,6.548356172933338,1529.7860678786067,74.59313863782917,129.25179410878008
0.46927064050351724,0.5436633671151127,12.082650082373933,3.801742088566354,475.5593131180497,170.36922597587753,270.2385095845126
0.46945575712699,0.3603950446458881,65.15325872146649,10.398185923803663,1568.3650680825303,14.975918436567149,12.850000805410016
0.4696408737504628,0.5032621192182904,1.5844100717580278,1.126085966517567,4844.591075292178,18.606171588237874,3.9205895282444017
0.4698259903739356,0.22367740935757485,1.1207975432627044,1.3456046996365327,1442.1446590723158,20.13789122285443,69.28116148003902
0.4700111069974084,0.8665823382328663,16.792787731499132,3.2030079100718254,6683.331203041089,56.49964959763014,74.89353591426949
0.47019622362088115,3.1008995881156007,17.93291035719877,9.890106566881203,6475.612636090028,277.9782565899765,183.97731065411188
0.47038134024435396,0.9742072199659872,12.66594472082666,0.6678770723473518,4351.913250202451,106.46829842521211,62.53568907753531
0.4705664568678268,4.0050845674371205,5.843041979423127,6.789957226303741,969.4271441555018,188.62943509283932,120.08802368326002
0.47075157349129954,0.6112612126578985,33.19886503832138,1.6850172704085489,2207.0666864886484,244.74758134195483,152.42557006632748
0.47093669011477235,0.7199731780084033,0.9185166178890918,1.1623863416019244,523.5106606762176,98.32771762490162,75.67414789278804
0.4711218067382451,2.093668516557919,79.18200303871565,0.5580774636999728,2276.378958931698,12.416853542935545,26.642148163906043
0.4713069233617179,0.6379588695549242,6.721595179311464,2.6950586712241935,3126.3183481799424,25.038160004223265,16.529295466869804
0.4714920399851907,0.8613142548599448,4.067031451436967,3.513219401213031,2394.125347598006,16.957924435905998,26.931136508817172
0.4716771566086635,0.12357655152736306,15.9134540405596,8.160112337752345,97.62264488327617,34.65739859669778,12.141505723325027
0.47186227323213625,0.10923037209775471,5.521148938512494,2.9292496494118114,2733.728035725067,55.3892038541913,125.17639813147032
0.47204738985560907,0.8969959614262772,23.842039246195693,9.294401022254016,1109.21800607736,159.20653607490374,113.74806299534994
0.4722325064790818,0.16399895310856782,1.1499905449592676,15.58451319626402,1944.3876922871546,40.7249741437971,69.54035961750134
0.47241762310255464,1.3763492934976456,53.18303419256639,0.5665477862218133,2014.1542094256154,77.31190050906957,108.07928554457237
0.4726027397260274,0.6129240770450127,23.786062530995356,3.0208566419334293,1630.616978377854,68.97175009751741,160.2155282977905
0.4727878563495002,2.12397067742015,34.207454567190034,7.038298389938763,932.4192267615501,9.800073879576827,65.31704650488246
0.47297297297297297,5.11786816935483,21.937615228632847,4.149012084823841,1380.2582811315674,30.88750321395209,30.02880815636552
0.4731580895964458,2.270042982209038,0.6724225423896797,25.709811442525652,690.3348661810344,5.1513746080898635,1.9939625480925705
0.47334320621991854,0.2610297333896999,5.048035124985682,0.36642402053511697,2914.961274474155,193.997026015776,183.92568603863896
0.47352832284339136,0.4934928247888886,27.84933960462642,1.7576092571909865,631.3590837694512,85.42634718214218,145.89260655000606
0.4737134394668641,0.19660975130778272,17.119984415100447,3.978453999214902,217.02247795509356,217.68136356083355,255.54554744384322
0.47389855609033693,3.355595367232676,18.82928578539949,1.3056104660515613,1161.585516013287,160.53302417603064,74.4856325362817
0.47408367271380975,1.7423916603229492,7.332481930053281,4.220483535937065,166.63232590226545,73.0649770372111,50.685131818796584
0.4742687893372825,0.45017161868323985,11.34803613862941,17.053954222722165,4981.4102246798875,130.642774130907,159.0237249238391
0.4744539059607553,0.3216899398154065,2.47847191647149,3.6394156080087026,1405.0698449298943,16.564521808144423,22.23866725756932
0.4746390225842281,2.214141776008112,47.806309686817464,13.747028500619951,2041.2773840507443,57.207141196574554,43.1036194572097
0.4748241392077009,0.5422291557222897,5.972484508806642,12.1974884197366,218.44587375581438,29.669706165260482,19.20659348247349
0.47500925583117365,0.8359339575415993,57.97152149383723,4.455935711897149,2142.4242405285945,26.899859789718658,25.62651525287164
0.47519437245464646,0.9788887014249038,52.9527715223725,10.299581618050517,1460.8198509415108,302.60253536769403,288.8717798778591
0.4753794890781192,0.5448873324485404,0.6343682603474333,7.381066069268639,4341.077195095812,15.337696472218697,22.378853039829018
0.47556460570159204,1.6713827210826298,38.553097727286044,17.657250442528422,4542.539857812661,209.69291716419755,229.41605410074834
0.4757497223250648,0.8751377133798465,32.02019903485573,5.4942491479169355,264.8776565945471,98.62699675660093,186.77747095950636
0.4759348389485376,0.29286132717742536,4.758729417894913,5.824449748153415,427.8132660852941,43.63982070190183,27.053727689753792
0.47611995557201037,0.5735950509350705,13.659284080180157,2.525362520759376,4406.839202269925,12.9121388748503,37.03457274083028
0.4763050721954832,0.45342370958438494,47.58187410762382,1.354391973420183,1469.0087852646382,3.1086096734372624,36.40782177609187
0.47649018881895594,0.18847345065719143,19.944121975098373,2.2477210962817935,2290.9547084121023,202.37235403003248,257.76416228853606
0.47667530544242875,0.7843669836634174,11.974384125415137,3.3547562508562114,2580.096432127743,43.37007793609031,25.91065133732365
0.4768604220659015,0.06709109394643291,29.666001776413513,1.14589982467459,844.9441471952928,93.90990898957183,102.51395146261721
0.4770455386893743,0.9434974847983866,54.6701221655302,8.636584392156168,1491.5945246573788,7.711074497937257,43.69671393181224
0.4772306553128471,0.01894209484524872,33.06486692615794,8.70531790945351,3409.618048193791,94.1015565484,36.45952257088353
0.4774157719363199,0.47627886451858226,13.323989952648551,6.581619700854558,2161.347853182181,23.644291129483175,39.321183364761616
0.4776008885597927,0.42620792085737347,15.931732494810804,4.352828398816541,302.3118075831078,16.645970832462858,2.622630763745242
0.47778600518326547,0.28879461289090014,3.841474732820603,4.015024641797303,1335.7198407725393,34.87613538430221,102.976767505765
0.4779711218067383,0.1319358869603951,40.24805310367563,10.991865259543808,296.74645446065773,122.87870297881756,165.52669293635668
0.47815623843021104,1.1301231023736347,14.86077964550337,0.9572528625711256,695.2404197118851,49.3666464731913,58.77666960718093
0.47834135505368386,1.0314502936173724,36.64291435583879,5.37458291184615,696.0100685470478,220.55598589681364,160.93732462456978
0.4785264716771566,0.19087220611782146,58.509804489848506,2.4610422594718906,1493.5896780124813,52.209059943942314,37.3254172212206
0.47871158830062943,2.0788218174279787,7.60155791417355,6.830753244992747,2606.8032298150943,3.232690869994281,19.74295843453634
0.4788967049241022,0.22066867622057304,16.071531925649197,3.2599111226592097,1778.1442745634963,56.660447020965144,51.96056659412068
0.479081821547575,0.09194478842610848,25.771308676751705,1.521355991967623,1069.118488508961,30.64069112244041,4.132409053722259
0.47926693817104776,0.6064154900483111,32.60247625217639,1.7137737155143187,8775.828156535434,19.761306051113458,78.18722155863522
0.4794520547945206,0.04854398142395419,4.102984730057352,4.57540829033239,730.0128403275045,271.93339765585335,405.5369271698827
0.47963717141799334,1.2183387148507325,76.8876414063364,3.3702403546701407,2401.820202452295,26.571956482380376,62.78147936967713
0.47982228804146615,0.12721466454188413,8.639794408901,2.1450113420071895,3848.0169621758682,239.1253474201117,294.6457532234769
0.4800074046649389,0.06850155662959509,7.743017693712313,1.8132797205062425,238.5487250706241,99.20897137584558,65.24350026067084
0.4801925212884117,2.5529534807559733,5.582160347240579,3.8002319906877786,1258.7207673688176,241.38465579293074,253.25526876269146
0.4803776379118845,0.20733879981271863,23.540270875239514,10.499157600408065,9100.02568176851,65.59400371282214,37.015273628081395
0.4805627545353573,0.3141820680384012,11.689733487890685,0.6328949102011641,608.8911592219908,101.68337587012515,179.07972641022315
0.4807478711588301,1.8944568331153604,19.066160004575337,15.965756680857442,856.9552876201558,208.15923219850131,214.35942658090724
0.48093298778230287,0.16296439172865346,11.45525365875862,1.9096508981129428,3318.6666653654243,111.37204031259184,176.82961062440646
0.4811181044057757,0.25031873062385074,5.241464251984319,5.947487468496249,2195.084057347012,153.82328125301723,107.71327124657648
0.48130322102924844,1.971126629271439,18.46739717322284,0.8741833049096746,1971.3190307706868,115.78956722685753,50.179355395135346
0.48148833765272125,0.0032559167845649818,12.708935378993344,3.042008724322894,5158.480414200269,75.1668726711437,154.480402118852
0.481673454276194,0.11176850001837789,5.718118954347362,5.456590769105255,3444.7636225802894,181.76148472035877,215.06304370442922
0.4818585708996668,0.3968909305246492,1.2554739919140079,2.1600926907049844,7300.405978029512,8.661970802034489,2.767695027933198
0.4820436875231396,0.0308559530798846,26.446893771847062,4.102116431890646,1409.7181213803526,69.74129493116102,69.60287070536855
0.4822288041466124,0.5637802941526312,68.75039199163282,2.0667437958655954,4863.929711096731,22.613969246100005,38.97085208820463
0.48241392077008516,1.4945774592745058,53.062200100581784,1.7352746929685412,989.269946449385,61.57871174658841,310.3594511544429
0.482599037393558,0.15137035354287262,58.33176259224826,14.68148425108729,3631.030361813502,20.11108645382539,3.3653787119193663
0.48278415401703073,1.3824407948009774,58.14470430785538,1.778180444719203,1929.9117393959066,133.47824895071687,47.31932504327572
0.48296927064050355,0.14914367025619976,2.0415282543590285,3.5899586914498127,3244.3098678877823,201.86686583297467,402.6176138049146
0.4831543872639763,0.09604060596731555,29.67114506903088,7.775354778254807,554.5405273328865,92.73870556366145,34.91489423318406
0.4833395038874491,0.2428785797791556,60.44915181769105,17.365820292872854,3273.9041071603456,6.815405087560092,73.59385841301585
0.4835246205109219,1.1473469074983267,44.15951781599127,19.403561094306593,3066.377830508381,248.13382326574057,280.7335276556337
0.4837097371343947,0.05626654550271411,6.197119513930469,7.361604360152268,6161.5163584994625,236.41775976956868,462.44789329348333
0.48389485375786745,1.3647295175467018,37.065869268132204,27.82717260092259,1411.2419052695368,19.69244507213144,2.2724768230892156
0.48407997038134026,0.8298737021811237,10.173435145851842,7.48857322431954,1057.1627509117313,110.73076225181995,98.15850878001692
0.4842650870048131,3.9356674622085492,0.9353545649750733,1.733232352011978,1828.3923778136618,50.30803512450037,119.71303598273565
0.48445020362828584,2.132994014371995,20.631074158015405,1.7052212872666481,733.1157139274777,13.911398459575322,87.38660262645148
0.48463532025175865,1.3447857928021516,0.8080188397048774,3.920670090985636,3006.7780951794293,40.12140972973924,16.108108758431147
0.4848204368752314,0.1621612279783682,13.517485864054835,0.0578279013095266,5241.131626904476,88.08601616676597,72.75323670951411
0.4850055534987042,0.3128745775660348,20.716259178765174,7.885684779038931,1494.1996944858063,265.2337068039984,284.3576776690339
0.485190670122177,0.38049616718003343,62.54378642561399,9.683703731950487,6462.706034675868,21.337038097350185,15.155971606482805
0.4853757867456498,0.10604642558379425,19.739575060208036,21.718731080460277,128.2652356396591,326.34901974516407,350.5584534746877
0.48556090336912255,0.20139882912950013,21.84406663114015,4.342107157424212,317.1831086486099,13.842521979067238,11.957432141437305
0.48574601999259537,0.361855705088762,12.311369482055511,3.503916565638386,6172.810904990576,28.551421400632673,151.72123826945773
0.4859311366160681,1.4015173417484021,2.6200162417003523,13.75307348182685,113.11955456956667,239.60513756340058,202.17517073566518
0.48611625323954094,0.25544401033671205,14.819217238921123,3.195290184204011,3489.7675386758283,118.89603073338421,141.9219882903555
0.4863013698630137,0.15481357463093437,23.602913454335695,2.590098070617387,4395.477871591799,536.5193752890115,370.5430890811256
0.4864864864864865,1.6458855535525427,11.445423019022918,2.5812810707847245,164.6113310220268,136.98138888454542,133.50778736200834
0.48667160310995927,1.6565593141411408,1.5753255114218065,2.5843415312824085,4590.023875776853,28.58136986594937,31.95864249730411
0.4868567197334321,1.022518563948835,17.766435070347615,0.26169346304352864,1223.9632396614707,73.46017488503409,3.5463149074137927
0.48704183635690484,0.22630596483726978,3.8169855258997067,7.73421323960662,1638.338117796285,26.57154729281032,132.63579824000098
0.48722695298037766,0.1803858086957376,4.3956511941043335,2.1289917477754803,481.36360993805505,35.51784505228689,54.495280614245026
0.4874120696038504,3.4005412908070776,44.93078091035445,3.1300036170471333,1210.2969680816225,103.36782906373004,283.27555368441125
0.48759718622732323,0.8993611848136893,15.02581681763783,4.137803271567852,1693.8910280136151,76.46067012295262,116.44732231283591
0.48778230285079605,0.021046028645428243,113.96905827169478,1.6618746089015273,35.23970689758616,143.87146431709846,260.1381049123157
0.4879674194742688,0.09173244976839119,1.0443977918154461,9.576565950701461,1796.8858786153905,338.4529379459115,470.89509374471396
0.4881525360977416,0.6983031866150299,0.9866297176609189,0.5087906217940386,2831.7779966883677,21.616218601353715,5.626347008310624
0.4883376527212144,0.25719716874048276,20.310235906225866,8.591389114273523,4354.130418133591,27.632584573491147,14.429689483662031
0.4885227693446872,3.9344345944012162,22.56950471377857,0.9662935957226667,633.4636301391266,79.3240447822861,47.294683557921914
0.48870788596815995,0.47676789326395697,19.886957864696036,2.7752862719945095,336.4435329177354,108.51934651687634,62.45570212391509
0.48889300259163276,0.4101090761572154,2.4680096080683973,1.0743652222279163,1148.053083395297,147.42023097135367,134.22093546540106
0.4890781192151055,0.21995388044410813,35.60504793301404,5.94177262379224,47.42018202004196,171.36885574748004,235.8208809575682
0.48926323583857834,0.5592970751917253,13.935982569434808,0.4700079954717963,2507.2218452421744,0.9651688948955931,17.995088661116448
0.4894483524620511,2.0796734502407683,5.031822384185619,2.9436803440517765,4778.999500013085,151.16714137886314,111.25376449184724
0.4896334690855239,1.1376727137600875,20.48334681895079,5.3243643893671715,486.9911413379006,123.59534537938644,236.2965567673041
0.48981858570899667,0.3182499675054903,10.356848456933248,7.712259380930152,146.38720658591572,207.85940164701023,158.92903850337214
0.4900037023324695,1.0106389595471652,22.067081319032276,25.374671299202085,190.2748809259413,894.8428774945296,558.7024280694422
0.49018881895594224,0.14731225617979493,1.8302214931435494,15.686538807959543,333.26821618912885,34.74584291982018,25.0808328099275
0.49037393557941505,0.2303704163328243,25.586080424519782,3.155028039822107,1941.613013922311,72.14593130508591,22.998324589520422
0.4905590522028878,0.399160647172594,9.106900014912789,0.8983376332407921,47.77846110399111,118.18191831429606,115.77724481701534
0.4907441688263606,0.22620371828754712,5.3252722667855235,3.147894688594874,5687.340001867034,80.767575658083,77.1207627189841
0.49092928544983344,0.05169092067984954,4.090585531535069,4.085267119701791,2254.9471892370675,85.0451885008198,119.00458973945042
0.4911144020733062,0.32446388525157815,9.696420653811195,0.17258292724192184,9373.467903731165,257.7078357751064,263.0717773201414
0.491299518696779,0.34756947229472346,35.84828556460082,1.7069283115793479,3899.67213042184,465.97930889352625,394.2349722209946
0.4914846353202518,0.22846097532473716,2.1252582798488517,11.399023327400716,1261.0508425829366,97.11934166706482,33.768706173561
0.4916697519437246,0.26899374140739973,32.711078592094516,9.317069086962112,6215.67635555652,87.40939907446524,71.23988984215623
0.49185486856719735,0.19670111110551475,0.9680719185838744,11.791873080140691,1161.959718012239,273.22349014698045,113.7731257599083
0.49203998519067016,0.505582265541575,73.15332558667313,3.801851212631958,182.70924347007752,82.7590070323136,67.28885089957842
0.4922251018141429,0.8642397476222746,20.748700663566755,12.988566660400792,1230.3086487066814,104.07001127466775,163.05831746971697
0.49241021843761573,0.18739821944695437,54.86015895059496,6.903869766360104,599.7242860782436,112.88909808233366,68.22128221002546
0.4925953350610885,0.9840397127032519,37.11065297276476,6.692225549125162,304.47820806361324,87.24881814734948,74.54012799800546
0.4927804516845613,0.28628285327183767,6.213439898787056,3.507839501466753,1045.8333971091815,138.84302142498643,12.512557879779568
0.49296556830803406,1.5486048250285167,6.693660200178376,12.61968879813995,4053.771587432735,0.22894420483461095,15.407660159986845
0.4931506849315069,0.7080753241391565,47.92583718047569,0.8892035498144852,4917.0013970343025,168.56975705461454,386.796046113695
0.49333580155497964,1.8031993198323124,0.06268247310464928,1.3991651534719276,1003.3570098955759,107.4901467148641,234.10469286499514
0.49352091817845245,0.15324752403288924,16.02448195664822,0.8147351975671758,6192.232344170816,33.723279175757334,5.017587127496804
0.4937060348019252,0.9998363312003035,3.6507104089852254,8.602288688812994,833.7550525145065,24.01278500266483,9.483375679209425
0.493891151425398,0.17839869467210578,7.928676087933422,6.526666098636545,2590.4174230649915,146.80821701525792,148.63207672544786
0.4940762680488708,0.48027598477777955,2.64797959902344,1.8326900749468489,3087.449119635692,48.49909364418306,71.81059290682484
0.4942613846723436,0.4634323235543603,38.421492442949884,0.5818483360788504,2730.4658897676836,27.65528085928726,120.63170356645834
0.4944465012958164,0.9900696021785109,27.918045330879547,2.8824402965871356,1400.5779392642226,19.57867169712585,70.60070985621687
0.49463161791928917,0.7660130095423867,0.22403882867492494,5.356900167119188,228.5909385270519,90.30734484761638,78.44417466422749
0.494816734542762,0.2907983158590151,6.753119278010245,4.948949545067999,952.7324930766549,34.3240636924408,39.384209633548075
0.49500185116623474,1.4667997837381368,5.014184096493651,5.087416323254774,8816.309094998804,67.19083848910965,127.9942764328711
0.49518696778970756,0.2618163671929464,20.849114883896092,3.677188485057052,598.0149834040171,367.9343204864523,634.2550863925644
0.4953720844131803,0.547645997131394,60.32974794745611,0.6615142878964931,5656.549401941186,83.54170475179276,220.20095118806745
0.4955572010366531,0.9618831075255487,5.508055420804737,0.6083472542140728,2450.3189210281494,393.91238069765444,520.423666323041
0.4957423176601259,0.9024922632123614,1.9050452792567036,1.6420945677194683,1392.971416657844,115.13038166753184,156.38516024234465
0.4959274342835987,0.21371607634333242,30.26886862240606,1.8416247516878537,434.75773394588055,68.53042877218797,214.96916637113392
0.49611255090707146,0.45114993829300226,9.300307769513376,2.5725479321126836,83.76698564259007,13.036787102090669,46.37108494669661
0.4962976675305443,0.6115556611206313,2.1364604143757746,6.57203916127271,2653.728781047084,3.2703166488551587,7.602248585658762
0.49648278415401703,2.0757350014834888,20.746948477368978,1.975021583535355,48.1452364058295,141.86490369548054,131.9025416902739
0.49666790077748985,0.33542712843150335,6.037744264860978,6.1045935129731985,3086.5340782554554,88.10495158110905,101.68919225627296
0.4968530174009626,0.5602813677287318,29.21076559512105,5.934549559291875,218.60561837807117,69.81912880912242,105.07658207495253
0.4970381340244354,0.5831284909254548,27.355075713847874,2.5758462730402187,1687.6974292148054,47.97246288649225,64.80668882106079
0.4972232506479082,0.643059254754753,40.678769655770324,4.744793931965176,1188.2801907843484,54.32950467443697,165.17336339723173
0.497408367271381,0.9293348540821045,15.453777506312179,8.363263837203807,244.97683710930514,1.1879867456703384,68.21947216293205
0.4975934838948538,1.47301008197862,38.672588923567105,4.440140702455158,3858.937467247668,96.39334573970447,17.227731643998013
0.49777860051832656,0.32482837657586777,23.613926927068206,1.525472604259411,18.57632951616734,157.0067640352323,272.22030516937593
0.4979637171417994,0.6287216829917255,19.369935790705597,5.950319845779163,31.690150689352663,87.09678194443188,154.1643227914761
0.49814883376527214,0.25824823631783617,2.741350044524241,1.5114114298569434,3735.2304381424674,24.675715034287446,117.07310275531881
0.49833395038874495,0.39128127158590925,56.34095985354125,4.863011301828106,1259.6435274001894,6.538245501940657,27.446475843210482
0.4985190670122177,0.5327358468134078,37.116341993839754,2.475060509408828,464.3551902073986,106.95331590221912,137.8698331510994
0.4987041836356905,1.368178658450974,13.402011071254229,13.336976541829301,3230.696902880177,129.15601864426873,157.71311064454656
0.4988893002591633,0.15149162876478178,18.361473899952436,1.4989670919060434,23.010578610600938,222.94655724689022,149.23159546214444
0.4990744168826361,1.6045842291259396,9.031549513874484,10.31918237386196,1533.9569481596145,81.97806938826919,68.50483889640198
0.49925953350610885,0.32369145312289493,21.82111356097379,2.088106650735417,470.1032747984776,3.97374395579823,6.724392379596994
0.49944465012958167,0.49778705158135317,16.156350593261838,8.264071838522264,57.35474557002153,109.11932852321462,55.433592178059065
0.4996297667530544,0.24051047545181947,12.986920248103488,3.7659103810550425,138.7628318082705,78.00187741978243,111.4243202468362
0.49981488337652724,0.5838090515899949,95.80545650803712,4.163833374303029,7537.824006907796,31.667816809726443,84.45875591843983
